184217
nan
nan
16772
11523
nan
23467
nan
nan
229715
34477
17373
31159
nan
34254
17472
91256
239757
31855
552433
nan
100630
10650
nan
nan
65806
nan
nan
nan
nan
8972
nan
8972
42757
137119
nan
207970
nan
nan
36138
nan
nan
129548
7421228
83496
83496
nan
571281
349562
32474
nan
27551
87205
nan
28143
16257
nan
28476
14400
nan
nan
nan
nan
nan
nan
nan
nan
nan
22642
14609
382894
37485
nan
nan
45309
89168
797557
5389
nan
152227
nan
nan
nan
87857
nan
177595
nan
15771
nan
1689
30978
34457
69697
22763
7374
13748
23820
nan
nan
121570
nan
nan
53430
nan
11197
109218
540111
nan
nan
49120
nan
240112
240112
nan
nan
23925
nan
190274
nan
518907
nan
15391
nan
nan
nan
nan
190886
25264
37053
nan
732072
36493
29377
51268
187235
96930
678368
nan
14177
34719
104037
nan
38455
36121
459336
8650
8514
nan
22677
243639
nan
63164
23918
nan
144963
nan
44053
nan
nan
50103
50103
nan
nan
6560
9889
nan
44598
20187
nan
nan
nan
1256810
nan
86681
nan
112197
4746
nan
nan
64271
nan
272079
nan
nan
nan
nan
10030
105741
nan
nan
nan
91168
nan
nan
2027712
93982
nan
nan
51558
1074168
nan
nan
nan
24709
29984
598351
nan
nan
nan
86681
nan
nan
104690
24449
12115
100315
nan
10440
729139
nan
4275
nan
nan
6414
nan
91070
nan
227898
58794
26090
26738
nan
42700
nan
nan
14816
44757
88256
nan
nan
nan
nan
nan
nan
nan
234297
nan
57297
nan
51195
117722
64082
7610
45372
105741
nan
15771
93060
nan
9726
31159
nan
26738
25407
2027712
70309
360644
nan
nan
80347
69530
48534
29765
30857
nan
91552
nan
nan
nan
64778
nan
122945
152954
152954
18567
15771
94717
nan
nan
71740
nan
45894
nan
nan
17659
91168
nan
90761
nan
207970
nan
242072
nan
nan
nan
nan
nan
897460
897460
nan
nan
nan
1428509
111694
31351
nan
nan
33617
nan
26623
nan
nan
555981
10274
459336
99751
24172
12247
101212
nan
28476
nan
104782
1058
nan
57341
77218
84316
202142
57297
29159
nan
540513
456044
nan
nan
231769
nan
nan
nan
nan
nan
29765
67994
nan
22476
22476
nan
1385202
nan
nan
22572
nan
nan
34719
34719
nan
nan
nan
nan
nan
nan
32975
10890
12162
nan
nan
11120
520712
nan
63017
63017
155686
42693
nan
nan
nan
22587
nan
nan
5656
78565
112197
44674
382005
39695
nan
40957
40957
nan
nan
84833
32918
16479
62272
9374
253372
170885
nan
nan
41244
nan
nan
119868
3877129
58619
nan
58619
nan
729139
13047
159134
103009
nan
11400
105741
nan
nan
105741
58764
nan
nan
nan
nan
29368
nan
nan
1024027
99751
245259
nan
17641
7610
nan
nan
54752
nan
nan
nan
nan
1204820
nan
54207
nan
15822
11481
nan
56141
nan
nan
14856
2110694
nan
2110694
nan
195968
195968
nan
nan
nan
14569
173565
nan
8107916
nan
nan
nan
97782
nan
35138
17199
530852
16146
nan
22222
51358
nan
nan
nan
nan
nan
nan
nan
nan
nan
487378
10619
nan
57566
nan
nan
343054
26200
17387
nan
nan
170340
nan
nan
117691
nan
nan
nan
nan
nan
12528
nan
19394
nan
nan
nan
170510
nan
88653
nan
15042
272079
nan
729139
nan
11019
nan
18730
3964
nan
120446
nan
nan
nan
120792
120792
33635
nan
nan
223349
nan
nan
nan
nan
457154
nan
nan
nan
nan
44692
nan
nan
nan
246216
225796
nan
nan
382894
nan
56133
18251
33478
14814
nan
24066
68268
nan
nan
nan
nan
nan
nan
27237
nan
109218
nan
109218
112922
nan
nan
86681
32860
14796
29377
nan
154567
15065
147413
242072
242072
nan
14814
nan
nan
nan
219124
442028
nan
17373
21961
49833
140336
27358
nan
31791
nan
15637
nan
nan
297554
97782
11667
104293
nan
282450
nan
nan
139090
34958
126119
nan
27346
nan
518907
15926
nan
91070
nan
34886
12862
nan
62821
nan
nan
nan
nan
1256810
nan
nan
57185
nan
239757
nan
1117
nan
53430
nan
135229
nan
nan
14825
58469
nan
nan
nan
10991
nan
62500
540513
nan
40554
37083
nan
489506
1649
nan
nan
nan
nan
nan
nan
15114
nan
884941
59185
nan
nan
46680
732072
nan
nan
59492
nan
nan
nan
12871
70287
225796
nan
40554
28265
85630
153583
29251
193300
nan
nan
nan
29926
65955
540111
nan
19977
nan
nan
37394
nan
nan
nan
nan
nan
27938
15435
nan
53430
1287050
7055
nan
nan
44598
nan
nan
nan
13846
nan
35210
nan
766742
139090
nan
1428509
8996
13408
16626
nan
119417
27656
nan
75311
984336
nan
nan
148270
nan
nan
nan
nan
23302
nan
9253
583999
nan
25829
57561
nan
nan
nan
16332
14106
nan
nan
170510
nan
nan
10166
nan
211354
173565
nan
nan
11299
28465
23222
193300
nan
178026
91168
nan
235017
46138
280123
nan
nan
nan
19673
26090
nan
nan
nan
nan
nan
nan
nan
nan
50103
nan
nan
nan
nan
nan
125684
nan
nan
nan
178026
51358
49833
89093
190274
45589
71025
nan
nan
nan
26934
nan
32730
nan
3485
nan
18226
18226
109111
nan
70287
56141
14798
nan
nan
nan
14780
nan
37150
84700
nan
15391
nan
28439
5262
60062
nan
nan
45840
nan
155862
42700
nan
39917
81383
83216
59492
nan
259126
nan
nan
4969
4969
449878
1024027
14419
nan
653637
85535
nan
11684
nan
139090
nan
139090
nan
89715
nan
15972
10193
27346
nan
32730
nan
22835
nan
106038
9620
291389
nan
14798
291389
77868
459336
nan
9039
28812
42153
10871
40932
13707
nan
91685
nan
49833
9564
69954
103760
319494
449878
nan
94807
170510
nan
28351
12704
16257
nan
25204
84851
nan
172474
nan
59185
nan
5034
nan
nan
nan
117258
249224
nan
128489
nan
nan
11971
14654
nan
nan
nan
nan
nan
23101
10282
224625
8285
nan
nan
9343
nan
101742
5784
10760
nan
2027712
93794
2027712
nan
nan
46138
nan
36702
nan
nan
21955
1287050
nan
nan
45524
196957
91256
25554
183444
1576843
33939
nan
nan
nan
75261
36821
40932
44674
nan
14798
10504
nan
39695
169160
25665
12297
16638
11655
70680
nan
31351
2027712
449514
nan
nan
nan
86825
67595
67595
45724
nan
24404
nan
nan
nan
nan
44674
nan
nan
88653
65806
22357
17946
63017
66532
38334
nan
40112
nan
518907
nan
49706
34568
nan
34821
38851
nan
63017
nan
nan
39695
nan
nan
nan
16758
190886
597181
nan
15655
nan
73206
156183
nan
nan
nan
36386
nan
nan
nan
nan
276263
nan
nan
nan
597181
216650
489506
14301
101031
92695
nan
nan
nan
nan
13047
9530
nan
nan
31351
nan
37487
6764
nan
nan
nan
12779
9582
70680
14569
nan
10060
22287
27756
96993
17706
nan
2027712
nan
nan
449878
112647
20278
nan
nan
nan
69697
107431
9372
78702
nan
18018
84833
449878
nan
nan
nan
3398362
nan
25174
10021
nan
382894
nan
96930
nan
382894
nan
nan
nan
nan
12058
nan
nan
343054
30691
11441
nan
nan
nan
nan
15957
nan
nan
57566
nan
178026
140336
nan
46921
19673
450126
32970
13606
nan
nan
nan
nan
nan
nan
nan
33740
33740
3374
18306
104690
nan
152227
nan
36472
142105
nan
259126
nan
54088
nan
nan
nan
nan
nan
nan
172474
2027712
nan
nan
24474
58265
15957
nan
28541
nan
58107
96749
229715
nan
280123
nan
1287050
736836
40947
nan
52834
16709
75920
nan
245259
7610
nan
540513
297554
202142
84662
nan
15822
nan
nan
15309
nan
32308
nan
20703
77868
34610
nan
nan
nan
94497
44712
9154
1287050
nan
nan
nan
382894
nan
nan
nan
598351
40630
nan
nan
nan
1253309
1253309
nan
nan
12297
91521
nan
nan
49706
nan
597181
299780
597181
9463
170340
105519
nan
97782
14988
7734602
272079
nan
540111
nan
nan
172474
nan
nan
32166
31791
nan
nan
nan
71329
13172
nan
nan
nan
90761
20161
168015
442028
nan
29982
nan
45894
nan
nan
nan
518907
259126
28476
10943
63652
nan
279557
1204820
nan
219124
289580
4721
nan
140336
1249680
12009
nan
nan
216008
5197
nan
11901
nan
169160
nan
nan
nan
nan
17373
50656
93620
129548
nan
14425
nan
89938
56050
12162
91685
nan
nan
105764
57164
nan
nan
29368
nan
69530
nan
nan
83216
nan
64778
112197
967
nan
70757
342562
29015
158296
nan
459336
18772
15112
736836
nan
nan
231769
57063
nan
nan
81313
78533
nan
5784
183444
39738
69638
nan
10125
20161
242072
50178
nan
457154
219124
394579
nan
35795
14780
nan
16621
193300
14457
20278
29172
34703
14796
nan
nan
17453
10802
nan
nan
80347
24646
nan
40365
653637
25274
127942
53327
82276
82276
33288
50178
10871
20353
178026
45629
35815
45589
nan
nan
36199
nan
nan
41725
nan
34843
14796
37699
224625
40630
28956
nan
nan
13225
63164
272079
nan
nan
19728
nan
86324
nan
nan
nan
45289
10252
18772
101523
nan
nan
56402
12328
nan
nan
90761
10503
nan
nan
nan
12328
nan
12194
nan
422908
46403
31564
44725
111485
nan
10060
89093
124775
nan
291389
2027712
14895
22357
nan
641608
nan
nan
2027712
38334
nan
80347
108064
46921
24646
nan
97966
nan
nan
nan
nan
83402
155686
291389
46921
47371
84444
nan
nan
nan
nan
5470
nan
nan
nan
20040
nan
50955
6764
15825
83658
1256810
79955
10274
nan
nan
8757
13864
nan
1211704
26431
nan
nan
nan
nan
34568
nan
112197
nan
137364
nan
53015
46318
530852
219124
83291
nan
nan
540513
nan
nan
40317
382005
152954
nan
nan
nan
60433
nan
nan
12943
nan
nan
nan
23492
272079
nan
nan
28758
12423
3485
2012
nan
12423
nan
nan
nan
nan
82320
16709
nan
nan
nan
nan
291389
100630
12138
9620
nan
61465
nan
24202
37914
37914
nan
11971
26726
nan
nan
14036
nan
78883
nan
18772
29159
14686
nan
nan
36924
nan
133517
133517
306382
9247
736836
nan
nan
86825
nan
nan
38297
nan
120792
44692
nan
nan
nan
64778
34958
14169
487378
571281
103009
18692
11655
32860
4532
14686
23302
239757
nan
nan
190886
nan
44094
nan
190886
33893
139001
9350
32430
53979
nan
19229
nan
40630
13182
736836
13182
nan
nan
25636
21175
155686
nan
nan
321516
24502
nan
nan
15822
nan
449878
11050
14775
nan
41244
nan
nan
239757
28351
nan
530852
nan
5146
5146
1211704
nan
10688
276263
7172
nan
nan
37485
nan
nan
nan
nan
34886
nan
nan
186997
70309
nan
306974
21872
nan
nan
nan
44187
nan
12752
55873
9438
nan
79955
28439
nan
nan
nan
nan
nan
641608
22156
6868
nan
4394585
10718
10667
190886
40136
nan
69638
11104
nan
nan
nan
nan
21300
nan
nan
nan
nan
235159
nan
nan
215120
213032
63193
44132
nan
44132
nan
30026
17930
45661
nan
45661
nan
nan
155862
50392
nan
49120
65327
518907
18018
18368
18226
nan
88714
nan
nan
nan
nan
32235
139090
12674
nan
nan
1385202
981284
nan
nan
nan
70287
nan
nan
nan
nan
21665
110675
nan
208414
208414
60062
33065
159134
10451
44690
183791
nan
4281
nan
nan
nan
177216
nan
139001
nan
63164
nan
22325
nan
nan
nan
21007
nan
nan
276263
nan
nan
nan
nan
17261
nan
678368
183791
456044
nan
52834
51625
78702
729139
nan
732072
nan
297554
28957
28957
nan
nan
nan
nan
nan
44674
nan
32860
nan
nan
24000
nan
37394
1997
55443
nan
31791
nan
235264
1156903
nan
37470
nan
45600
13004
181766
177595
134957
14569
540111
nan
111485
25725
nan
24502
nan
40365
15643
16702
69448
75737
413487
60433
nan
16709
114247
15655
nan
29982
nan
40554
124922
nan
105519
46535
nan
282450
207970
25612
110675
137364
nan
24431
13696
32474
nan
78883
9835
nan
105764
126657
29982
168015
104782
797557
nan
nan
2005
nan
9154
159134
67994
152954
nan
1256810
50103
nan
nan
585815
nan
46921
nan
487378
729139
nan
55352
nan
14125
11714
349562
610271
653637
98947
118967
nan
14693
211354
nan
99751
70309
167528
nan
nan
nan
13748
1256810
80347
74230
35379
1649
19423
37470
1287050
nan
9638
56420
1024027
23492
nan
nan
45629
11674
280123
10166
nan
nan
442028
7610
80689
82276
nan
nan
58603
nan
95767
nan
202142
nan
7374
8521
nan
nan
nan
nan
nan
nan
521056
289625
23492
nan
nan
nan
23546
nan
12247
4136
43050
23467
20278
25626
nan
16270
194151
487378
nan
17703
nan
nan
nan
nan
nan
37470
16621
25553
nan
58590
nan
18306
10864
23511
nan
797557
78702
nan
14396
nan
170340
1651676
24646
nan
nan
216008
122945
nan
71267
nan
nan
nan
85778
nan
nan
nan
104782
967722
306974
7932
2841952
nan
44838
14748
125684
27938
nan
nan
202615
nan
nan
57566
139368
nan
99801
451
56420
18949
29027
nan
nan
84264
23511
nan
217219
81985
58603
152954
19884
33740
nan
nan
65327
207970
nan
nan
14208
8777
86681
55352
9042
143396
729139
49706
99801
22842
22842
nan
13199
nan
456044
nan
16621
nan
nan
108064
nan
28351
nan
35795
25491
4721
nan
15822
33617
nan
14251
151593
16621
nan
nan
51625
8107916
nan
nan
nan
324465
83216
nan
nan
19534
21196
569369
nan
50994
26364
22763
88256
197262
276263
nan
nan
nan
5918
nan
140494
154024
42153
nan
nan
91256
nan
8834
nan
50656
nan
46921
2990
nan
nan
84800
41725
44766
104782
24522
17215
17215
nan
197262
99751
28465
11400
35252
37010
22426
44712
nan
9865
nan
nan
530852
202503
12695
28439
nan
355244
449514
17703
nan
13846
64661
72633
nan
nan
31796
nan
nan
28465
15112
nan
nan
44598
35883
nan
70309
nan
nan
nan
nan
24431
449514
984336
nan
984336
88405
24046
nan
55703
nan
55703
nan
nan
128489
8835
nan
1211704
59492
598351
33012
nan
22031
nan
152954
152954
nan
nan
291389
22633
25553
106038
nan
nan
53430
736836
2363
nan
nan
18280
24709
61888
36957
nan
117691
63193
11714
nan
nan
28439
99801
nan
67595
117722
93000
28351
nan
394579
63319
15643
nan
216650
nan
nan
219124
nan
17373
nan
100630
nan
20887
nan
nan
9480
nan
nan
nan
nan
nan
13547
nan
6148
nan
12865
1837970
nan
nan
nan
25274
8533
nan
10381288
46962
85134
22426
nan
nan
nan
35252
11009
11450
736836
67595
23005
nan
nan
nan
nan
92424
nan
nan
nan
114247
nan
nan
nan
36199
nan
nan
13199
49833
49558
nan
139090
72633
1249680
nan
22968
nan
nan
22945
nan
nan
62292
78324
nan
17040
143396
579180
41420
29159
13937
24646
518907
6239
nan
nan
20021
nan
129252
nan
nan
115474
19728
1733846
nan
51400
25306
11548
91070
nan
nan
nan
nan
nan
88071
nan
216650
82320
nan
49833
49833
71329
nan
195968
nan
63765
112197
22287
nan
nan
1211704
47529
1211704
nan
86681
nan
10275
nan
60062
26774
nan
nan
215120
18251
nan
nan
nan
15912
115474
10258
8372
785234
nan
nan
26090
173565
83216
nan
nan
nan
nan
54104
597181
104782
nan
nan
15915
31796
653637
nan
nan
nan
487378
nan
35904
47795
nan
211354
24404
nan
70447
nan
32474
9773
nan
56716
532950
1287050
nan
32860
13606
nan
15308
16709
16709
16727
11430
34539
884941
25626
355244
16257
nan
144821
124775
nan
nan
28021
nan
nan
nan
nan
nan
211387
81313
nan
29443
nan
nan
80689
9816
nan
53327
193180
10526
202381
13682
19454
84800
nan
489506
489506
27390
nan
155686
nan
467898
nan
nan
1249680
211354
157077
nan
110675
22704
10451
nan
78533
28143
187235
54104
nan
nan
152227
78702
442028
193852
nan
57561
67595
155686
nan
nan
nan
nan
113112
8835
3598199
193180
173565
367535
43383
nan
nan
94807
nan
19408
178026
27346
nan
11648
nan
80347
nan
216650
797557
29982
53979
nan
10483
nan
nan
nan
65955
nan
nan
31796
nan
202615
nan
nan
23423
30680
10009
202142
nan
579180
nan
984336
272079
nan
139090
177965
23923
nan
3663
nan
18018
77540
77015
56706
nan
65517
52834
nan
nan
3485
nan
28826
36121
91070
nan
55873
69039
48286
nan
70757
nan
276263
nan
nan
189297
24972
172808
nan
nan
78702
nan
nan
nan
8693
nan
nan
nan
nan
7121
12310
10718
306974
nan
38055
nan
nan
nan
nan
90761
nan
nan
641608
nan
23546
nan
23005
nan
299780
nan
173565
nan
11007
46403
186997
183503
nan
nan
nan
nan
2284
2005
569369
569369
219124
35379
10292
13902
nan
nan
nan
489506
1211704
nan
14010
14010
246216
nan
111485
nan
nan
20904
nan
242072
nan
12752
12752
15114
2193
47840
nan
155862
34719
nan
133517
126559
44094
nan
99751
8069
59580
44766
178026
22201
nan
80690
nan
nan
nan
nan
nan
nan
7932
78211
31791
729139
85145
40554
nan
nan
nan
37427
37427
235017
26968
nan
98586
nan
20095
nan
456044
38388
nan
1156903
7734602
16090
78211
9860
nan
24315
89203
55443
29159
14404
208414
4283
nan
nan
nan
23636
43264
nan
25562
135353
61360
nan
24301
107030
nan
12752
nan
nan
45840
nan
37427
nan
100630
27799
nan
12236
797557
nan
nan
797557
21955
17040
nan
66442
9463
21209
nan
nan
151593
nan
139090
nan
10307
29824
12921
9745
211354
nan
299310
141830
517798
279557
nan
124019
16933
nan
nan
65517
nan
11513
nan
54752
nan
1428509
nan
nan
37723
nan
nan
62821
37989
nan
456044
29015
23486
nan
41078
37394
nan
324465
152954
nan
nan
104690
nan
nan
11410
1287050
nan
73064
338759
nan
91521
nan
nan
91521
19344
8521
183444
35321
19461
nan
47795
139090
8533
94083
235017
nan
36058
94083
84833
67595
22627
14419
nan
1837970
23235
1428509
nan
449514
12913
nan
nan
nan
nan
113112
38231
21454
4590
nan
nan
nan
nan
2663
nan
nan
nan
nan
17373
nan
nan
52834
131337
26545
nan
40554
14419
35315
nan
198325
198325
nan
nan
70447
nan
12888
2027712
nan
53305
10693
53305
51400
144821
540111
147993
nan
213032
nan
152227
nan
555878
nan
nan
nan
nan
nan
nan
nan
139001
nan
nan
9253
13258
9372
17724
nan
nan
51507
nan
nan
28772
nan
8996
nan
55233
15066
30873
2841952
nan
37053
107431
21314
153583
40141
nan
nan
38243
38243
13606
nan
10773
nan
104782
70757
104782
nan
43226
40957
nan
nan
30077
32931
nan
10644
530852
nan
nan
28439
52140
155862
279557
45629
26014
8970
nan
59105
nan
nan
13373
nan
nan
14634
94273
57566
33178
641608
672
20182
207970
107597
324465
29824
239757
324465
nan
35315
nan
610892
198325
736836
80347
10860
nan
45894
nan
nan
10170
nan
nan
nan
31796
10423
nan
306382
193300
291389
29982
nan
13606
47219
nan
11019
nan
nan
nan
nan
nan
30077
67341
16539
18949
72633
4039751
13261
13261
797557
224625
12092
nan
nan
278013
nan
183444
15643
nan
60915
10080
68795
nan
597181
57566
128489
583999
583999
15681
26014
20278
nan
5918
nan
nan
32906
nan
8533
nan
135229
31168
13850
1733846
nan
nan
nan
140494
28165
nan
nan
22495
153583
38851
17049
nan
935427
nan
467898
7610
35345
35345
nan
378027
nan
nan
nan
nan
487378
nan
110675
110675
641608
8126
nan
nan
nan
1837970
nan
nan
nan
nan
11145
259126
25306
nan
nan
47795
18856
nan
nan
nan
28065
nan
384241
nan
14364
nan
nan
10860
nan
nan
89168
373072
154567
nan
57566
10166
9620
nan
nan
nan
19310
110834
nan
nan
24018
104782
3986
77218
518907
nan
nan
23492
69039
4200
10945
nan
21894
16727
225796
11441
30077
nan
nan
382894
nan
nan
nan
106038
11971
12423
68137
26090
38055
23116
235017
100390
47795
nan
394579
394579
276263
74230
nan
nan
nan
nan
8514
8514
13769
14106
11436
nan
nan
14973
58764
nan
442028
nan
nan
42421
11674
nan
8107916
19039
66215
26623
45600
37482
78324
37053
92424
nan
14396
nan
168629
nan
nan
28439
28439
nan
nan
207970
207970
nan
nan
102131
nan
nan
nan
nan
nan
69679
37854
213032
21454
42890
nan
nan
nan
225796
14686
154567
984336
151593
9161
165416
nan
nan
83248
44674
12009
12009
140142
37992
nan
nan
27551
nan
nan
39695
159134
nan
nan
198325
14780
nan
nan
60062
38748
nan
34568
45589
110675
597181
14775
44692
nan
51558
68795
37991
37633
131674
9362
112922
nan
26192
nan
nan
579180
139090
26893
nan
20187
33635
nan
nan
nan
367535
197262
9582
571281
nan
9161
nan
45778
30988
nan
32051
67994
14741
259126
nan
152227
37192
216650
nan
nan
11481
641608
8931
nan
21295
nan
10737
nan
nan
nan
nan
nan
451
6317
nan
nan
2841952
nan
nan
23467
63193
55873
nan
nan
13259
nan
29377
96930
nan
18772
25204
18018
35689
28143
nan
37992
46227
40349
34907
nan
540111
nan
78702
nan
nan
129548
22867
40554
552433
7172
7172
33178
11195
nan
nan
111927
nan
24018
nan
nan
nan
299780
nan
12725
nan
183791
552433
70287
9438
14775
nan
nan
nan
nan
17373
nan
nan
38602
nan
nan
nan
nan
12201
54991
nan
93982
14874
14563
14563
34457
nan
131674
14519
7646786
23005
66020
nan
nan
9880
nan
276263
46962
nan
nan
8693
63193
nan
120446
nan
nan
nan
nan
678368
nan
37485
1024027
202142
nan
280382
211387
nan
nan
nan
797557
9773
nan
41244
10991
152765
181492
nan
nan
382894
63685
nan
nan
nan
1287050
8184
77218
nan
nan
40755
nan
641608
nan
247298
155686
nan
9253
70757
89715
nan
21175
242072
nan
117722
nan
5694
2027712
1642
56716
79157
6560
nan
nan
19731
19461
nan
105741
nan
nan
243639
14741
62500
14036
nan
nan
nan
9786
29368
80412
nan
70447
16826
59395
457154
73469
11936
nan
nan
128489
nan
129548
nan
nan
nan
nan
nan
555981
16621
291389
35883
17946
33635
nan
124775
8970
22842
6560
nan
41483
nan
nan
nan
nan
11971
31351
nan
69697
30707
482618
58469
44139
nan
897460
272079
37482
nan
nan
152227
nan
44132
32970
nan
nan
34457
14644
181492
35186
nan
51625
nan
nan
78211
78211
63159
nan
nan
nan
nan
34886
7610
nan
213032
12115
10166
nan
nan
nan
540111
nan
46921
nan
33893
143396
25133
97782
nan
193300
nan
77015
1651676
51625
12009
nan
67994
nan
10991
1287050
9726
41643
nan
nan
16695
nan
24502
nan
nan
25661
2027712
nan
nan
nan
37973
45778
37973
nan
259126
nan
109111
7172
nan
31791
nan
34254
139001
77218
nan
nan
77540
nan
152227
45289
9540
nan
44712
18949
114346
nan
nan
70309
15112
51268
103945
597181
nan
24122
nan
nan
nan
14973
14874
63685
nan
239757
239757
nan
154567
11400
1569315
56050
172474
172474
41835
3485
133517
19141
nan
nan
nan
28962
nan
nan
15655
69530
3390
487378
nan
249224
nan
nan
nan
22260
nan
nan
nan
13850
442028
89168
91521
nan
18251
373072
15825
nan
nan
37699
nan
34254
12921
111485
124775
105741
105741
10522
87857
51558
51195
nan
nan
95752
18636
nan
nan
38851
75997
94807
nan
18856
11505
nan
32530
nan
61888
42693
540111
60062
103760
nan
nan
nan
30857
41643
26726
nan
126559
nan
nan
nan
nan
2471
29015
nan
8285
70447
15951
nan
11488
105741
nan
nan
nan
nan
184217
nan
487378
nan
nan
nan
19310
276263
nan
nan
11380
338759
338759
178026
12861
67994
nan
nan
4039751
nan
nan
30077
19720
59395
nan
1428509
51268
597181
11019
nan
nan
nan
nan
nan
18226
nan
25491
235017
nan
28957
nan
172474
nan
98586
nan
22582
nan
207970
nan
19229
nan
nan
nan
nan
nan
nan
nan
18959
12871
16981
9115
nan
15771
nan
nan
nan
46318
2005
11878
nan
nan
44187
247298
nan
nan
nan
85778
12407
nan
7374
108064
52834
nan
nan
29614
nan
34544
nan
40957
96749
nan
nan
60433
nan
179240
96749
12115
nan
nan
48492
nan
193300
67341
64661
nan
nan
12336
nan
nan
25204
nan
nan
63017
nan
nan
12457
8777
46318
nan
nan
nan
16981
39542
nan
nan
nan
69715
nan
nan
nan
nan
nan
62823
nan
nan
1231
49833
nan
24301
235017
35840
39695
nan
nan
nan
8357
nan
nan
nan
nan
1074168
8931
202142
nan
147993
nan
nan
nan
nan
nan
459336
nan
16332
155862
nan
nan
34330
82605
nan
85145
nan
nan
13047
597181
69039
nan
78211
4039751
35138
61360
nan
nan
8931
44132
nan
62500
nan
nan
70757
797557
133874
9016
22867
532950
12482
324465
14106
24976
nan
nan
36597
51400
32975
nan
nan
nan
96993
40596
12674
111694
51625
nan
16244
736836
nan
63319
nan
225796
nan
nan
nan
14993
173565
86324
nan
30131
10864
19192
208414
nan
24009
nan
nan
249224
13629
nan
nan
nan
129548
nan
99801
11299
nan
29614
nan
29159
nan
69530
78324
nan
nan
nan
45524
55352
57297
75920
nan
70287
15637
25553
nan
41059
14993
530852
nan
12674
2027712
15822
1428509
333689
9157
nan
139090
nan
117258
21872
324465
53749
nan
56716
797557
181766
49706
nan
29851
17016
2841952
nan
nan
202615
26431
618119
nan
532950
8588
nan
8285
6324
23051
nan
11743
155686
5265
47648
413487
nan
nan
nan
367535
24972
55352
10009
10080
15281
39511
nan
8354
56508
nan
101732
nan
79157
394579
nan
nan
nan
532950
35904
nan
nan
19344
20187
nan
224625
41725
139090
27346
28465
32975
nan
22103
152227
47219
70447
152227
207970
nan
94273
187235
202381
45840
92424
66532
13591
9380
487378
7172
518907
12114
nan
76684
nan
2841952
nan
86681
nan
518907
15771
101012
nan
57341
nan
40630
83402
83216
nan
nan
nan
449514
31351
178026
nan
59601
13850
12752
90878
8825
797557
1733846
26466
8825
152954
14169
nan
nan
14169
1644
68137
384241
797557
1287050
nan
91168
nan
nan
51358
51358
nan
16933
170510
nan
nan
nan
nan
nan
42153
64661
42700
31457
19030
37699
459336
nan
30950
25621
172474
nan
17806
57536
23467
73640
nan
797557
145208
nan
487378
44174
nan
nan
nan
nan
40787
168015
12222
nan
78702
18755
nan
nan
41059
10857
nan
14708
26623
nan
190886
53430
54104
111927
nan
12674
65517
9463
26014
178026
45938
33635
nan
289580
23467
nan
nan
nan
nan
nan
nan
32430
nan
289580
215120
nan
33635
nan
nan
nan
653637
1024027
37723
48297
126657
81269
10003
nan
24972
nan
299310
23322
299310
30077
29765
nan
nan
nan
49833
nan
nan
203292
nan
22842
82605
41244
12573
nan
797557
92424
nan
430714
nan
138959
8521
nan
nan
70447
nan
nan
nan
23467
nan
53327
nan
16875
96993
21959
nan
nan
nan
nan
64661
nan
55873
7610
nan
154567
68137
17724
nan
9816
23925
nan
67869
nan
nan
2663
nan
2012
nan
44053
nan
nan
nan
618119
23235
nan
nan
17703
16817
nan
nan
nan
40554
nan
98586
nan
nan
5918
137364
nan
23301
nan
152227
100630
15112
498670
54088
243639
4860
81269
nan
nan
77015
56420
367535
56420
nan
nan
3398362
9310
22146
9466
10282
nan
nan
30857
2027712
34703
nan
nan
83248
40317
22714
73640
nan
nan
12871
nan
nan
44838
nan
13435
nan
nan
nan
nan
14457
25539
47795
41860
93794
nan
53327
8107916
nan
69697
223349
276263
nan
nan
35870
487378
113112
3485
nan
17373
152227
338759
44598
47529
276263
nan
nan
nan
nan
nan
nan
23925
nan
nan
28265
482618
nan
nan
80347
83216
83216
nan
nan
67994
37313
94717
nan
nan
nan
11674
65517
8708
nan
nan
8708
nan
nan
18900
nan
nan
14780
100630
100630
nan
9350
14780
nan
100975
nan
nan
10274
nan
31470
243639
4283
202142
172808
18567
21894
15717
73640
nan
nan
nan
nan
155686
137119
nan
2522
nan
nan
nan
nan
nan
98586
nan
nan
75924
42153
75997
nan
8887
nan
28143
nan
nan
nan
10092
57260
129548
9504
nan
nan
8887
nan
nan
nan
28222
46680
nan
nan
207970
113810
nan
nan
42738
nan
40354
nan
30615
10075
nan
nan
729139
11019
69039
nan
28351
nan
nan
33877
117722
nan
35368
nan
20427
nan
nan
nan
120792
184217
nan
47898
26934
53015
10060
33216
87205
36821
36821
8825
nan
1287050
nan
105764
62500
27799
nan
nan
nan
24652
14106
24202
nan
1837970
nan
nan
44053
nan
367535
53430
nan
102555
101742
nan
16700
308314
nan
nan
207970
nan
242072
nan
8815
nan
44690
nan
nan
678368
38814
306382
65517
306382
nan
nan
nan
58281
nan
79183
382894
99801
31168
216650
45803
382894
77015
81269
1287050
nan
nan
nan
70112
46921
nan
nan
18959
104690
422908
422908
184217
nan
nan
272452
nan
nan
nan
nan
597181
11971
nan
117722
nan
773283
105741
38814
nan
54104
69954
69954
10080
10080
291389
1428509
291389
30735
84444
84444
nan
nan
61888
23486
nan
37221
46921
4200
9111
nan
nan
216008
23997
nan
nan
104293
22222
nan
207970
nan
88338
27191
nan
555981
nan
nan
1428509
nan
nan
382894
141122
159134
21872
50470
112922
nan
112922
13769
nan
nan
449878
1428509
nan
94083
nan
nan
89168
nan
79157
nan
nan
8521
10423
nan
nan
nan
33698
nan
12219
91521
22677
19673
10857
11019
nan
41420
nan
nan
67341
597181
nan
nan
29015
nan
36821
nan
58281
36821
nan
9620
355244
nan
57341
4953
10381288
nan
13385
70447
nan
22483
nan
22483
nan
1211704
nan
15924
nan
73206
29431
23005
nan
76828
58619
124922
20562
53217
nan
77218
797557
92424
nan
12379
279424
nan
2213
nan
29027
45839
45839
nan
nan
nan
nan
nan
nan
nan
1287050
1287050
28351
173565
nan
nan
nan
48371
nan
38055
11648
101565
23820
nan
8521
11423
86825
422908
nan
nan
2643736
13331
nan
83291
4415
196957
60062
20187
3964
34610
nan
15771
nan
nan
1428509
17641
nan
38696
96469
15924
32474
16993
62075
nan
15435
21314
nan
50656
31351
nan
41725
78565
104782
3398362
nan
122945
nan
nan
532950
59580
10773
70757
nan
24046
13225
114247
99801
37313
nan
1211704
50994
37633
nan
nan
18772
347194
nan
347194
279557
nan
54752
62787
nan
nan
nan
1256810
45840
45840
nan
nan
15479
43675
nan
7481
nan
78324
nan
33635
152954
29614
nan
nan
52600
nan
nan
nan
64271
247298
247298
45130
63017
nan
nan
125847
41630
16146
1733846
28222
51524
34880
152227
nan
nan
93044
63017
34618
nan
nan
nan
nan
152227
nan
34544
nan
nan
41244
nan
nan
13374
40342
nan
nan
22875
nan
nan
nan
7610
nan
nan
208414
456044
653637
32918
9860
25553
nan
482618
18018
482618
1249680
518907
2027712
10274
nan
nan
211387
nan
193300
5197
223349
nan
nan
nan
nan
8931
62821
125684
nan
34618
nan
nan
14780
nan
nan
8126
530852
nan
29015
nan
nan
nan
116846
198325
19454
23099
nan
482618
382005
518907
27237
37487
487378
nan
51524
2110694
nan
55303
nan
nan
183791
nan
25264
49635
109218
nan
nan
25553
nan
57566
21872
20424
3398362
24019
6528
nan
35368
44132
35883
35883
104658
14775
103760
229715
75510
nan
nan
26200
nan
26623
nan
nan
nan
22308
nan
108064
57566
10101
nan
297554
7159
nan
874433
131337
11128
70287
nan
94807
nan
nan
nan
11400
nan
nan
229715
49558
12865
28351
nan
28265
nan
24502
235017
11410
20123
170340
10060
117258
12909
170510
23235
43383
nan
59766
299310
30691
80690
nan
36058
23824
53430
16702
29251
nan
62272
24000
nan
25636
24431
16232
35379
9154
nan
nan
75527
nan
nan
nan
nan
119417
40554
nan
nan
nan
169160
9564
nan
193180
178026
nan
nan
24018
24018
nan
44916
113647
nan
nan
736836
nan
nan
465183
8708
nan
12467
75311
nan
nan
31791
21175
72633
54104
nan
23432
nan
nan
nan
240112
nan
38696
467898
46535
nan
nan
nan
59580
nan
497961
nan
140494
nan
272079
56079
9816
4200
15957
28628
51195
nan
112197
nan
245259
28175
nan
467898
nan
nan
29011
nan
nan
207970
nan
3877129
3877129
nan
33635
21314
11411
nan
nan
20161
nan
nan
nan
29027
nan
55352
9773
nan
78324
29015
29015
53430
10166
nan
nan
10440
449514
104658
32975
240112
382005
91070
89715
12446
nan
1649
29984
nan
19310
5197
63193
nan
nan
73469
73469
nan
46680
nan
32931
24646
126657
nan
nan
45840
1287050
13089
9039
nan
nan
653637
nan
96469
nan
nan
144696
77540
23467
nan
nan
23790
62158
nan
451
nan
107597
6560
49706
8285
569369
nan
22475
nan
981284
29015
11744
nan
nan
nan
nan
nan
245259
85145
nan
nan
14780
nan
9264
94083
12607
nan
nan
nan
nan
13748
nan
27130
13182
nan
nan
68137
37633
42700
nan
33065
nan
nan
442028
nan
nan
797557
nan
9253
31791
2028
89168
nan
91256
nan
nan
nan
nan
nan
nan
29824
29824
nan
234297
8126
nan
nan
nan
34330
188608
nan
32730
143396
nan
nan
29982
41725
65368
nan
nan
38391
nan
17258
nan
7004
nan
67953
nan
nan
nan
nan
nan
nan
56706
nan
141122
nan
nan
28021
23893
32051
40112
80347
nan
nan
nan
41244
25626
28021
9042
457154
3877129
nan
nan
51625
93982
26915
nan
5105
nan
24122
139001
nan
11286
91685
96930
nan
nan
nan
10300
nan
15386
28351
nan
nan
3398362
nan
nan
nan
20904
nan
nan
456044
nan
20427
1428509
nan
59492
nan
nan
89168
89168
117722
nan
nan
nan
nan
984336
nan
nan
62852
59601
nan
32252
73640
44712
nan
nan
152954
nan
nan
nan
nan
nan
497961
190274
nan
4379
884941
nan
19192
nan
nan
19192
nan
nan
47219
nan
69697
nan
nan
nan
nan
117691
nan
nan
32235
nan
nan
26090
nan
nan
27358
nan
nan
27358
nan
40630
51625
4039751
202142
nan
nan
19039
nan
nan
nan
24593
nan
29660
nan
97782
nan
nan
nan
nan
nan
nan
nan
nan
67940
9786
nan
nan
51625
nan
nan
nan
9880
7172
nan
38334
367535
nan
10802
19731
382894
nan
178026
24593
nan
60594
11714
26545
nan
16613
18567
nan
489506
nan
1428509
22315
25491
nan
nan
nan
8757
79955
208414
8521
140772
101523
24652
nan
4583
nan
nan
nan
nan
50934
26738
nan
10274
nan
125684
26014
nan
17436
76657
6239
nan
nan
58603
242072
nan
12804
nan
113647
nan
nan
nan
nan
15479
24646
57764
nan
nan
139090
nan
50994
347194
11145
nan
nan
112197
736836
22875
51195
120446
482618
225796
nan
nan
nan
nan
nan
37989
31967
nan
247298
nan
nan
nan
nan
178026
nan
nan
nan
736836
99801
10150
nan
nan
nan
17251
9880
nan
12115
18856
202615
65806
13850
41420
nan
8307
139090
349562
12127
8708
8708
nan
nan
nan
nan
nan
nan
2643736
nan
nan
981284
7172
93000
279424
34843
487378
57566
nan
nan
nan
nan
nan
nan
92424
9463
45289
nan
45600
nan
nan
nan
57566
nan
nan
14816
nan
69697
7480601
nan
nan
641608
8514
nan
540111
9816
nan
35379
nan
nan
nan
384241
nan
102548
117722
88338
nan
nan
nan
nan
nan
37699
678368
nan
nan
nan
532950
nan
7001
34610
1231
nan
10893
12921
nan
nan
78324
nan
nan
16244
42153
nan
nan
179240
90761
nan
129252
29660
1231
35815
25636
nan
24301
338759
36121
nan
46921
nan
nan
17191
nan
12162
nan
nan
nan
nan
29377
nan
24652
nan
1058
nan
57297
99751
nan
184217
nan
27130
8354
246216
91685
35720
17618
nan
183791
nan
nan
nan
51558
nan
532950
15912
nan
9253
nan
73640
5197
15016
11667
nan
nan
17199
215120
42700
96749
168557
2110694
159134
382894
259126
nan
487378
47840
32860
nan
91752
nan
nan
10274
nan
nan
nan
1733846
618119
21300
nan
nan
46318
nan
23409
nan
nan
422908
17154
482618
59492
202142
nan
nan
nan
nan
nan
152954
nan
49218
91256
nan
75261
29159
555981
nan
19836
62500
nan
168557
46318
333689
nan
190886
8996
37873
nan
1691
70757
nan
224625
nan
96930
4699
4232
12945
nan
234297
100903
21931
28021
nan
nan
nan
nan
21955
nan
nan
nan
nan
nan
178026
12336
nan
nan
10760
nan
nan
nan
18280
nan
nan
nan
nan
nan
77868
34958
299780
nan
nan
23423
nan
nan
10193
51451
78211
81383
nan
15114
14251
15479
nan
24652
382005
81269
19673
75527
117722
nan
52834
37394
nan
nan
11299
63193
nan
nan
nan
1239
nan
nan
29377
190886
427241
28628
59105
nan
35379
52834
nan
50103
nan
nan
33286
9198
nan
51558
nan
nan
37723
nan
155686
540513
nan
27130
59492
nan
32474
49833
70757
nan
465183
nan
nan
nan
nan
583999
97782
555981
10357
nan
nan
nan
nan
25858
nan
nan
nan
63017
nan
nan
8757
nan
nan
nan
30988
23511
36472
63017
nan
63017
nan
nan
nan
80412
nan
14084
797557
20904
59431
59902
384241
14616
131337
nan
25665
nan
299310
nan
11469
nan
nan
nan
nan
nan
29368
nan
85778
2841952
20831
37470
112922
29015
29015
nan
13629
41188
10650
155686
43931
9349
81269
nan
235017
nan
33755
33755
40755
45130
51524
299780
26048
nan
nan
41244
26090
41244
nan
84444
521056
nan
9042
15435
nan
89938
19851
25636
nan
75311
nan
16727
36675
874433
797557
128722
156831
nan
nan
32474
nan
25626
52834
37485
20562
nan
nan
36702
nan
nan
46921
12779
2027712
2027712
15822
49706
291389
nan
48123
32308
nan
75510
9016
nan
nan
18829
105741
nan
35786
14686
56066
nan
nan
nan
468946
nan
339240
nan
17154
40957
nan
83291
33216
nan
84833
nan
nan
nan
55873
28021
nan
11648
45938
nan
nan
21314
9438
17904
40349
nan
nan
21955
nan
nan
nan
nan
nan
1024027
82648
10830
nan
113768
46680
14825
20377
nan
12009
nan
10522
nan
nan
nan
897460
40056
179240
23005
12861
57566
nan
104658
29439
104658
nan
442028
49558
33617
49107
69638
39695
nan
29824
442028
nan
31855
28734
nan
nan
16134
183791
170340
449514
nan
nan
518907
99751
207970
70757
nan
nan
nan
28427
36924
nan
nan
22935
797557
382005
299780
nan
nan
nan
78324
nan
nan
nan
35349
31825
140494
nan
nan
44674
202142
nan
nan
nan
nan
41078
50103
23116
355244
nan
33216
61360
46403
35883
nan
nan
nan
15771
181492
nan
16331
15771
nan
15479
422908
422908
7172
3162
15042
9140
nan
nan
nan
26774
37633
84851
13371
nan
64271
797557
nan
32860
27191
nan
10644
nan
nan
nan
nan
1024027
18692
nan
nan
46420
24418
nan
nan
28439
nan
80347
nan
53430
3485
2841952
nan
nan
51507
nan
nan
nan
nan
154567
nan
43383
48817
13748
nan
9372
204863
nan
nan
27917
27130
21209
nan
nan
nan
583999
nan
nan
678368
nan
nan
518907
nan
nan
24558
24558
39695
nan
nan
nan
11299
nan
nan
9298
nan
343054
797557
nan
nan
nan
nan
9044
585815
nan
224625
nan
nan
nan
nan
12297
41059
66239
38851
15066
17261
10389
2363
40957
nan
456044
16232
10857
nan
20182
nan
nan
382894
nan
nan
nan
nan
nan
nan
78211
78211
nan
25626
nan
37699
22191
nan
nan
nan
nan
10733
43879
12573
nan
nan
75510
113647
nan
nan
nan
27390
12423
239757
54104
382894
204863
15972
155686
nan
nan
nan
193300
nan
nan
14780
15915
110675
22875
nan
11714
nan
278013
nan
10804
12403
40136
184217
30004
384241
nan
26934
31351
11345
31351
12725
22352
56945
65113
540111
3398362
19408
nan
nan
797557
797557
nan
nan
16933
78565
nan
nan
nan
nan
nan
23486
22483
32730
nan
1651676
28424
30045
129548
nan
30045
291389
nan
nan
457154
nan
84700
159134
nan
246216
246216
nan
125372
nan
nan
nan
nan
nan
12009
nan
2027712
29984
nan
nan
nan
33635
38334
nan
nan
nan
86825
nan
384241
nan
38297
38297
nan
nan
nan
124019
152765
49558
nan
69638
247298
81383
23467
38455
32530
21233
15391
nan
nan
3485
nan
nan
nan
55443
299780
44674
nan
155862
15268
8372
nan
nan
nan
nan
37053
797557
22390
78324
25554
nan
31351
29027
nan
15906
42153
24040
nan
nan
nan
nan
nan
nan
57566
16442
nan
53054
12921
1256810
117691
nan
208414
nan
17049
nan
22875
nan
55352
nan
nan
nan
nan
9540
11299
nan
nan
35803
487378
59492
nan
nan
19310
nan
nan
11648
207970
11791
nan
7610
84316
35315
8871
16791
33349
120792
9620
14616
45839
29049
897460
nan
38455
9414
28956
11744
nan
nan
280123
16702
47264
nan
15309
nan
nan
37470
75920
nan
nan
207970
nan
nan
9672
13966
39542
10277
9536
nan
540111
540513
nan
74138
197323
12752
11798
224625
143396
45524
88338
36821
8714
14569
23467
280123
nan
64661
797557
16638
32730
177636
65511
15912
124922
10277
14775
5003
nan
42153
47529
nan
nan
197262
343054
20910
nan
129548
nan
84444
15771
nan
139368
33698
nan
5493
29015
12115
55233
55233
nan
nan
736836
56716
nan
75997
nan
521056
nan
52175
42700
nan
17373
nan
9541
178026
32474
382005
nan
28878
nan
897460
65225
nan
23467
70680
nan
30411
nan
8834
30045
25701
nan
nan
nan
7610
1256810
23925
6239
nan
7646786
70287
nan
65179
40755
29376
34885
nan
nan
nan
nan
nan
nan
101212
nan
nan
nan
154567
nan
155862
77015
3877129
25553
4953
nan
nan
36121
202142
nan
44094
24646
90054
197262
1256810
1256810
nan
15926
9564
53327
nan
10282
70680
nan
66442
nan
nan
41059
22676
nan
nan
3504
14958
37991
12752
nan
nan
nan
nan
23625
90761
6764
193300
nan
185890
45724
nan
nan
88338
22185
50178
10060
40849
25539
nan
nan
nan
51268
nan
33698
44692
9039
nan
69039
nan
63484
nan
nan
nan
37992
54289
nan
nan
nan
367535
nan
nan
17154
382005
nan
1231
15822
80347
56075
11436
44916
nan
nan
46818
nan
24709
nan
1428509
51005
190886
18226
nan
190886
190886
33617
135353
16129
63685
nan
nan
nan
nan
14775
nan
nan
12861
178026
27390
30411
30411
27390
nan
nan
nan
16776
11714
nan
nan
235017
170829
nan
80566
91070
482618
10193
nan
77540
15114
nan
48492
nan
nan
12423
nan
23623
57063
77868
18636
31796
32918
9816
nan
50994
103760
967722
nan
nan
nan
nan
nan
103469
598351
29015
nan
23005
nan
nan
33286
nan
797557
57164
355244
nan
nan
30732
34880
nan
nan
nan
nan
nan
70757
nan
11971
nan
56420
nan
70757
nan
nan
nan
nan
467898
52834
nan
30411
52834
19394
nan
nan
141830
35762
nan
nan
79263
63164
nan
nan
193300
40342
4699
179240
77868
nan
15616
12310
239757
nan
6148
44132
34886
nan
nan
nan
nan
nan
nan
196980
nan
nan
nan
nan
422908
7610
nan
nan
20904
14616
nan
nan
nan
91168
45480
92424
7480601
nan
14660
196957
26934
25491
nan
nan
nan
28143
nan
242072
nan
nan
54207
247298
nan
nan
15771
202142
nan
11074
16244
532950
10003
20430
202142
nan
nan
68137
207970
nan
24202
202142
nan
202142
32051
108064
nan
70757
nan
nan
31796
nan
540111
17373
nan
449878
nan
449878
nan
nan
17251
190886
17373
34610
nan
198325
14874
nan
51195
38851
nan
nan
nan
152227
nan
25491
11788
78533
nan
11754
nan
272079
nan
16992
nan
nan
nan
13606
299780
8533
nan
nan
1117
nan
nan
51524
nan
nan
32530
384241
16691
16232
56075
19203
480801
1385202
nan
540513
nan
nan
243639
133874
nan
16727
nan
nan
37107
nan
11714
57566
14748
64661
31796
23235
nan
nan
22945
22945
56716
nan
31476
22867
nan
67869
nan
91752
113810
165416
7610
242072
382894
24558
137698
nan
442028
nan
nan
569369
nan
nan
nan
465183
nan
nan
1256810
nan
38696
nan
211354
nan
nan
nan
nan
nan
nan
44132
nan
nan
168557
nan
129548
12009
64641
nan
20031
nan
235017
23387
93620
37470
nan
57566
33635
66532
nan
nan
nan
3877129
nan
nan
324465
32166
8107916
193180
518907
2027712
nan
107597
nan
nan
8887
61360
nan
nan
282450
11667
16379
nan
nan
41643
41598
nan
10619
30077
10277
216008
732072
nan
12607
nan
442028
nan
nan
9247
128489
49706
77540
nan
140494
nan
nan
170340
125684
nan
nan
80690
nan
nan
10003
nan
128489
17262
nan
nan
9981
202142
nan
22315
nan
259126
981284
114247
nan
nan
nan
92695
874433
66618
nan
nan
38366
42153
nan
nan
nan
44712
23301
nan
nan
nan
78565
82605
14654
nan
64661
63017
63017
49833
nan
73451
nan
147993
54948
nan
10150
69954
55443
89168
42700
422908
64271
nan
nan
23975
nan
nan
42693
nan
nan
nan
259126
nan
nan
nan
51195
nan
179240
nan
nan
36957
nan
139368
nan
nan
55443
nan
82276
nan
40554
11081
76281
111485
nan
nan
8521
nan
19129
67869
156831
nan
70757
nan
nan
nan
111694
384241
19892
668
nan
9620
14563
nan
nan
17930
nan
nan
41630
125684
nan
21894
nan
nan
93238
nan
26014
15643
nan
nan
nan
nan
nan
44174
nan
nan
38055
nan
17373
nan
17373
83291
207970
57297
nan
nan
11441
nan
nan
nan
nan
88256
6148
nan
167528
65806
9161
nan
nan
nan
338759
nan
14457
46921
nan
nan
nan
112922
208414
13261
nan
nan
nan
37470
nan
72633
47648
34457
nan
nan
9745
10205
23423
nan
nan
110675
45894
15066
10644
nan
nan
nan
13408
20123
nan
50103
37192
3877129
29434
59185
15822
50701
34755
40136
21378
83402
nan
nan
nan
nan
nan
nan
nan
19423
nan
9016
29015
12314
nan
nan
46962
nan
11413
nan
nan
nan
nan
12467
59766
276263
36339
120792
14563
75997
nan
nan
nan
nan
nan
nan
nan
nan
25553
nan
540513
88405
413487
nan
14856
1428509
16154
nan
235017
nan
16379
874433
nan
67940
nan
nan
97782
nan
70757
nan
nan
13850
3663
11674
80347
208414
10003
nan
nan
nan
nan
4039751
34719
nan
31598
nan
45894
1752
189297
10864
nan
nan
nan
797557
nan
38334
38334
nan
14798
272079
183503
111694
nan
64170
20703
117722
225796
91256
nan
nan
482618
nan
42827
15951
nan
14856
83291
nan
40755
92695
nan
19427
77540
nan
177636
422908
10650
nan
nan
54088
8825
nan
154561
nan
nan
61894
56945
382005
nan
nan
nan
10274
45724
nan
124019
nan
41860
14396
31675
47371
65290
35689
nan
187235
449514
135353
24474
105764
65368
nan
24547
40554
36675
nan
33178
nan
nan
3374
46921
nan
nan
nan
nan
nan
nan
nan
86825
14410
8777
nan
nan
45803
nan
36422
nan
532950
41059
nan
37427
nan
41244
nan
10526
nan
10030
nan
nan
641608
152227
nan
nan
nan
449514
nan
nan
91070
897460
25204
nan
nan
nan
243639
nan
44757
nan
48534
nan
117722
nan
nan
94807
197262
532950
16710
nan
nan
129548
27219
nan
101212
nan
nan
nan
nan
34215
349562
579180
13059
nan
37723
11791
nan
1177
nan
nan
nan
nan
57566
66442
7762
nan
nan
56420
nan
nan
nan
nan
nan
nan
nan
nan
nan
nan
nan
1287050
nan
17191
nan
12752
nan
nan
nan
13371
23322
540513
94497
93620
nan
nan
nan
nan
12752
nan
87083
nan
598351
nan
nan
nan
nan
139368
139090
nan
nan
53327
12643
128489
85145
24646
37482
459336
nan
84800
172808
168629
nan
487378
120792
88071
242072
21478
10060
nan
nan
nan
13047
104782
nan
nan
nan
nan
55443
90761
32530
nan
259126
63685
nan
13003
90761
55997
13606
nan
1287050
279557
532950
12791
568336
nan
75997
nan
743386
nan
nan
3877129
112197
129548
12704
3730212
nan
nan
382894
32860
22475
32860
nan
105764
196980
nan
23792
7172
nan
59105
nan
37663
nan
9535
34610
34610
nan
10003
9372
nan
70757
29368
75920
28351
nan
75527
nan
nan
367535
12310
nan
18017
nan
nan
42738
131337
47219
3877129
16947
nan
9727
nan
11936
38814
2363
10991
nan
33740
nan
nan
nan
nan
nan
19408
35184
22875
nan
91521
79263
91521
nan
nan
nan
62821
29015
nan
54104
nan
193300
nan
7172
nan
nan
23119
276263
nan
15419
nan
nan
14798
nan
nan
nan
10451
nan
112197
nan
133517
9140
nan
nan
13371
nan
nan
nan
62821
nan
nan
92695
20703
nan
nan
4832
319494
3485
487378
nan
41860
65327
598351
nan
39695
nan
nan
nan
nan
1074168
91168
nan
nan
14686
nan
nan
nan
45130
124019
23546
91521
135294
39511
569369
4336
nan
nan
69638
18528
nan
28465
nan
14895
77540
nan
nan
58619
nan
11361
nan
154567
26037
nan
nan
nan
17436
90761
27130
nan
nan
nan
65327
23101
118967
nan
nan
nan
18284
23792
276263
29027
32749
nan
984336
70757
nan
nan
75997
nan
15459
126657
nan
nan
96993
nan
16232
17016
34330
nan
nan
nan
10275
5288
7172
nan
152227
nan
nan
32730
nan
nan
nan
nan
nan
3504
3398362
37991
nan
nan
15386
nan
35815
nan
nan
8777
nan
nan
518907
nan
22704
91521
nan
34880
nan
nan
nan
13850
23623
nan
nan
nan
nan
nan
nan
nan
nan
nan
nan
152227
45309
26090
89168
89168
nan
28351
618119
1287050
225796
nan
75261
32474
90257
5313
nan
70447
189297
25554
nan
nan
27219
24884
nan
nan
nan
104782
23925
797557
nan
nan
16539
nan
nan
nan
7172
nan
nan
984336
9944
40365
nan
12752
nan
15681
nan
1287050
1287050
84833
16879
nan
170510
38243
54104
nan
45289
nan
nan
219124
128489
81985
193300
nan
51625
nan
nan
nan
nan
29251
nan
101565
32975
nan
170510
11971
1287050
nan
nan
nan
10277
51625
nan
nan
nan
nan
nan
nan
13259
nan
34330
nan
nan
79955
109218
52600
nan
2841952
2027712
nan
nan
178026
nan
nan
nan
nan
8931
nan
13377
15435
84851
84851
104037
nan
nan
nan
53217
nan
61894
45309
nan
nan
nan
3964
nan
nan
nan
46921
nan
nan
36493
nan
nan
nan
6239
152954
40334
20904
nan
23820
nan
82320
27938
nan
nan
5380
nan
25900
83402
nan
nan
nan
8107916
nan
53015
729139
9860
nan
30873
10644
nan
34544
15056
75737
nan
12423
nan
nan
nan
nan
nan
nan
37482
nan
11899
nan
nan
29982
47068
29982
nan
12379
14741
nan
21720
15771
13385
nan
nan
43050
nan
nan
11640
773283
nan
57561
103760
35379
11714
nan
nan
1428509
15428
nan
44692
nan
27127
nan
8777
nan
110044
nan
23443
23443
nan
nan
26668
31598
nan
nan
18317
37485
nan
10451
nan
nan
nan
21209
1117
32975
nan
103760
1287050
nan
170510
207970
nan
nan
3485
168629
nan
nan
nan
nan
nan
nan
nan
nan
nan
28013
101565
24301
nan
nan
29614
97966
nan
nan
nan
10274
2841952
2841952
nan
152227
nan
168015
nan
18593
nan
125684
981284
nan
37989
nan
nan
nan
88606
253156
17436
nan
139001
3964
27130
nan
nan
2213
1837970
nan
78565
73640
41860
373072
nan
63193
382894
15391
37485
nan
nan
nan
153583
nan
nan
26188
22587
31598
nan
nan
93794
nan
nan
168015
37723
15637
nan
23949
10443877
nan
nan
nan
nan
44053
nan
nan
80412
7172
51625
nan
21872
nan
101031
15138
nan
nan
nan
131674
30950
nan
nan
nan
nan
nan
nan
280123
nan
nan
10030
69697
41244
144963
nan
272079
nan
nan
44053
nan
nan
202615
nan
nan
44174
67595
7172
nan
126657
49833
13314
13314
15138
nan
nan
nan
nan
12752
172474
nan
83216
15196
11848
57063
22968
28439
28957
14748
nan
nan
1576843
26545
31796
nan
nan
nan
14686
nan
nan
27264
324465
nan
38055
38735
40363
137364
89691
21931
nan
nan
653637
nan
4336
224625
58603
37992
nan
24431
nan
nan
nan
94807
121570
nan
94807
347194
57341
75510
nan
nan
16933
nan
117691
11299
nan
19454
nan
37053
nan
33178
33178
110675
nan
91168
598351
nan
nan
88405
nan
nan
40947
nan
797557
115474
nan
nan
nan
40354
26968
373072
nan
179240
nan
10871
89100
153583
nan
nan
nan
nan
32918
nan
229715
nan
234297
nan
nan
68137
77868
173565
59463
24427
94717
2027712
235017
24613
nan
25725
nan
nan
23511
23824
65511
nan
nan
22633
nan
188605
382894
nan
nan
nan
126119
nan
nan
6560
34719
34719
37723
29930
84851
nan
nan
nan
29982
3361
3361
8107916
nan
82320
nan
nan
nan
nan
9466
nan
nan
27264
75261
48817
459336
111694
17154
nan
nan
nan
nan
nan
nan
nan
nan
nan
32252
21454
25271
nan
152954
152954
nan
nan
nan
nan
nan
3877129
5874
nan
nan
nan
11714
nan
459336
nan
61360
nan
61360
nan
nan
56706
nan
nan
6239
nan
nan
nan
nan
9504
23467
nan
183444
14634
24018
139090
74138
63685
63685
nan
90761
38696
nan
186997
736836
17373
21894
94083
nan
nan
32860
8931
23351
nan
126119
291389
11250
nan
nan
92103
nan
306974
nan
nan
8625
nan
65806
71025
nan
nan
75997
nan
68137
nan
nan
198325
24124
nan
10277
56075
37699
nan
nan
12423
242072
18949
nan
nan
15226
52834
25204
60433
nan
31796
nan
31796
2663
17659
10688
nan
193300
nan
31598
96993
nan
54608
40787
6810
24709
nan
nan
nan
62568
49107
nan
82320
nan
15616
nan
11299
nan
34254
nan
36493
nan
242072
nan
395516
nan
9860
44094
nan
9298
15637
nan
343054
nan
nan
nan
618119
20182
nan
86324
83216
nan
32732
nan
23492
9173
14425
nan
nan
11667
84444
nan
nan
nan
13606
58619
nan
nan
nan
nan
nan
9247
9247
382894
14780
nan
101031
19344
nan
347194
nan
nan
nan
83216
54209
nan
785234
67595
nan
nan
276263
nan
nan
nan
nan
nan
nan
9539
nan
16758
nan
2841952
63017
nan
13199
nan
96930
9173
15091
nan
18593
7172
nan
nan
291389
nan
197323
11714
22676
nan
nan
1441007
173565
11744
11282
nan
nan
53979
14814
12888
17251
99801
nan
16061
14856
nan
129252
13004
nan
nan
101031
nan
61360
19461
37633
64661
nan
23222
nan
nan
nan
nan
nan
nan
28143
nan
202142
nan
nan
nan
nan
897460
15761
nan
26668
9880
280123
nan
23051
87083
nan
nan
7172
nan
nan
46680
nan
8862
37010
nan
nan
487378
133517
30411
nan
nan
133517
nan
27130
nan
9860
nan
15138
nan
33216
532950
nan
18272
56050
12804
nan
279557
427241
14748
44690
11481
77218
124922
465183
nan
nan
nan
nan
22103
10619
653637
641608
62778
184217
nan
610892
25665
29027
nan
204863
41643
1256810
25554
16993
nan
nan
nan
27748
64661
355244
52600
nan
394579
21209
225796
225796
nan
7421228
41769
nan
97782
nan
14748
67595
75737
nan
497961
nan
nan
70757
nan
nan
nan
nan
nan
518907
168927
nan
nan
89168
50392
nan
7932
97782
30768
101031
nan
17533
nan
540513
39234
14796
nan
nan
78211
45894
487378
nan
51400
nan
nan
nan
nan
193300
nan
nan
nan
nan
981284
4663
nan
42301
25665
17703
16331
84316
nan
14491
nan
nan
324465
456044
nan
39695
21478
9620
24018
nan
101187
nan
nan
219124
nan
140772
24431
nan
170510
nan
168557
84800
31589
2027712
nan
153583
nan
nan
nan
nan
nan
15092
nan
nan
nan
nan
nan
nan
27130
nan
1287050
nan
797557
nan
39545
nan
nan
51625
nan
56133
8757
140494
126119
nan
nan
32918
nan
17262
nan
nan
nan
nan
nan
31796
nan
nan
23005
38748
169160
nan
247298
25701
26431
14419
10282
34719
84851
nan
nan
16488
5313
31476
59268
nan
nan
nan
nan
14654
nan
276263
nan
51400
20278
nan
nan
35883
nan
nan
nan
10374
nan
17251
131337
131337
nan
198325
58603
184217
12155
13182
4136
16679
nan
19344
nan
nan
nan
15091
10101
31796
nan
nan
22572
nan
83402
797557
598351
nan
nan
20278
10804
93794
nan
nan
nan
nan
nan
10275
nan
16809
nan
50470
10802
4039751
36834
422908
nan
66239
223349
6317
nan
111694
43050
nan
367535
nan
367535
nan
nan
nan
nan
nan
112197
nan
109111
64641
nan
83402
nan
nan
nan
64661
nan
nan
nan
465183
14177
nan
19673
nan
67828
nan
184217
nan
nan
nan
26893
nan
nan
27191
nan
nan
22768
7610
86324
59902
26938
nan
nan
nan
31796
nan
nan
15479
nan
nan
nan
23511
nan
155862
74965
nan
177216
nan
117691
nan
nan
497961
324465
nan
540111
225796
nan
16758
nan
nan
nan
nan
nan
nan
nan
61675
nan
nan
nan
nan
10152
nan
nan
nan
82276
247298
nan
nan
34261
nan
nan
nan
nan
93620
nan
125684
nan
26048
nan
10009
15373
981284
13047
14106
41643
14106
59431
nan
nan
nan
nan
19229
nan
nan
17431
nan
427241
13052
202142
422908
15718
nan
nan
nan
nan
nan
41643
1428509
30045
530852
29982
243639
nan
36597
36597
nan
nan
49218
nan
8958
12310
65225
nan
17261
nan
nan
165416
nan
15822
nan
nan
12736
nan
15479
23680
53430
nan
897460
183791
27358
nan
1156903
nan
nan
nan
32975
16539
59268
nan
8887
nan
nan
178026
2841952
9535
nan
131674
459336
nan
nan
34254
nan
280123
10234
1453268
nan
nan
nan
nan
nan
nan
nan
nan
213032
nan
32474
nan
19438
nan
nan
nan
45894
32931
nan
nan
nan
30077
63164
62011
181492
84700
23492
58469
nan
nan
11411
42301
nan
nan
nan
235017
14951
42301
459336
nan
nan
nan
nan
nan
nan
6414
29824
94273
74230
8650
59105
11430
nan
nan
44692
72633
nan
nan
nan
183503
nan
nan
nan
1256810
16539
nan
nan
21417
nan
71025
nan
nan
71969
nan
nan
45840
24316
24316
91256
nan
nan
36199
159134
nan
nan
8887
59185
nan
nan
9574
247298
33137
nan
18317
nan
nan
382894
nan
378027
31598
nan
nan
53327
53327
nan
33617
nan
nan
nan
nan
208414
nan
nan
nan
117722
101523
77218
1708088
37633
19394
nan
186997
nan
nan
47648
18317
nan
nan
nan
nan
133874
nan
nan
41630
135353
90761
nan
10737
nan
nan
nan
202142
246216
nan
nan
nan
36121
23486
nan
58107
nan
nan
678368
nan
1287050
32918
nan
165416
81313
81985
nan
nan
23101
nan
49120
86420
nan
nan
nan
nan
75924
nan
nan
nan
2027712
31159
nan
30873
36058
nan
nan
42700
40112
nan
83402
nan
nan
nan
183503
35840
35840
65088
39511
4283
117722
40136
nan
nan
87083
46561
nan
46680
nan
nan
nan
nan
nan
53015
16379
nan
154567
nan
34254
121570
nan
nan
897460
nan
nan
40932
nan
6764
nan
nan
nan
50994
nan
80689
80689
12009
nan
nan
9343
2380
nan
10193
25554
12011
nan
8808
nan
nan
140772
85778
40755
84700
89168
nan
53430
nan
nan
nan
nan
nan
84800
nan
nan
729139
43675
2027712
14816
nan
736836
nan
nan
nan
nan
nan
nan
24652
653637
nan
nan
nan
nan
22315
nan
nan
9343
nan
nan
16520
23467
112197
55443
nan
25725
9880
nan
nan
9463
21872
338759
83216
35210
nan
24522
9593
nan
33635
nan
nan
nan
90761
nan
nan
nan
nan
291389
65806
nan
34215
nan
nan
nan
nan
nan
32918
nan
110675
12945
32918
18306
nan
45724
23432
282450
25491
nan
nan
225796
nan
nan
nan
96287
nan
195968
43050
12009
nan
13466
17262
49635
nan
nan
540111
nan
272079
16583
31796
47219
nan
nan
nan
29851
nan
nan
91256
nan
nan
nan
9463
nan
nan
40630
9786
120792
nan
nan
nan
83291
nan
nan
nan
13850
nan
172808
nan
nan
nan
37914
nan
5313
44132
14563
nan
nan
nan
nan
61888
79816
35689
40112
216650
nan
36422
nan
1428509
nan
27191
355244
nan
nan
nan
nan
239757
155862
nan
nan
63193
46921
82320
nan
6560
nan
583999
235017
nan
nan
nan
nan
nan
nan
15391
532950
37992
12752
8972
nan
nan
nan
nan
382005
nan
nan
193180
50701
nan
22426
229715
15112
52175
20021
nan
nan
85145
99269
nan
128489
2027712
54608
54608
172808
382894
nan
129252
42757
nan
13371
13371
45894
90878
80245
5197
nan
nan
nan
nan
nan
nan
nan
nan
nan
55352
101742
nan
nan
129548
nan
70680
467898
78324
24547
156831
2508
nan
17865
7610
nan
487378
nan
31796
nan
37723
nan
nan
nan
44132
50178
16993
nan
14874
nan
32474
59431
63193
nan
10619
23492
16583
nan
nan
nan
530852
nan
nan
nan
nan
nan
nan
nan
10060
nan
202142
9463
nan
nan
nan
10021
152639
nan
nan
nan
nan
nan
16257
nan
15112
nan
482618
13408
482618
45938
nan
4953
30735
nan
15107
40755
nan
11358
45938
71329
nan
nan
nan
5350
nan
38851
nan
16379
nan
37699
nan
nan
78324
nan
16244
nan
32860
88338
53430
155686
nan
nan
2110694
nan
101523
16842
21872
13850
nan
15972
17262
90761
41378
nan
nan
105741
34568
nan
97782
29377
nan
63017
nan
15717
nan
170510
nan
nan
nan
nan
79955
186997
32918
52834
nan
291389
nan
51358
nan
75527
nan
nan
nan
282450
355244
nan
nan
nan
nan
nan
nan
nan
nan
nan
nan
91256
nan
nan
101012
12752
nan
165416
nan
25829
nan
nan
nan
nan
nan
101212
36058
nan
nan
26623
nan
nan
nan
33635
137119
nan
17734
17734
797557
nan
nan
nan
50103
10667
68137
nan
nan
nan
51625
nan
32530
nan
nan
nan
170510
nan
11936
nan
nan
nan
50470
36597
17533
nan
57566
nan
nan
nan
nan
117722
113810
nan
nan
63652
1239
14708
nan
32051
78883
nan
nan
nan
19772
nan
nan
nan
nan
nan
nan
10030
nan
28021
69638
nan
63685
30950
nan
nan
nan
nan
16232
nan
nan
nan
34755
20161
63319
46680
70471
nan
16583
nan
nan
49218
nan
37482
nan
63017
23423
nan
nan
63017
40932
nan
19438
42700
7889
36675
nan
14457
nan
23351
610892
34457
2508
110800
nan
552433
nan
nan
nan
nan
24646
nan
nan
nan
nan
6764
nan
15479
nan
17904
nan
nan
190274
10274
nan
nan
nan
26431
26188
23051
nan
nan
15138
11250
31159
80689
20731
nan
34618
nan
nan
nan
nan
nan
11299
nan
24408
45724
22768
nan
23467
555981
nan
nan
nan
nan
nan
nan
84444
552433
nan
367535
nan
nan
nan
44598
nan
518907
nan
84444
nan
nan
nan
25174
40849
nan
nan
nan
nan
7542
21519
44174
33893
nan
nan
nan
nan
35301
nan
nan
nan
nan
94717
276263
nan
77218
32308
69530
nan
nan
97782
15718
nan
22968
57185
nan
nan
nan
nan
nan
nan
32252
11007
nan
nan
8184
137119
nan
193300
nan
nan
70447
91552
nan
17329
88338
49218
17610
nan
nan
12328
15957
nan
59431
34457
319494
nan
nan
nan
nan
115474
nan
nan
28628
20353
58603
40136
23409
16957
nan
10871
nan
nan
nan
nan
797557
338759
68112
198325
29376
nan
nan
62272
nan
110675
125684
11347
51195
nan
144821
nan
55352
91521
79157
324465
187842
12674
nan
nan
nan
nan
14457
nan
55703
nan
nan
nan
449514
45894
nan
79955
nan
nan
nan
165416
23322
111694
3811512
nan
23582
11754
nan
1287050
81313
5265
32474
422908
nan
nan
nan
83402
nan
nan
nan
113119
nan
nan
nan
17262
nan
nan
156183
653637
nan
678368
nan
94273
897460
nan
29765
126119
10773
nan
9737
nan
422908
nan
nan
25553
25553
nan
1204820
15637
nan
nan
nan
17641
nan
nan
nan
32860
nan
nan
30691
41059
30873
125684
nan
89093
17904
90761
90761
nan
83402
15655
nan
nan
nan
nan
31796
nan
154567
181766
nan
6239
nan
170408
nan
nan
155862
17258
nan
nan
10381288
nan
nan
nan
1651676
nan
15391
nan
nan
48591
nan
32530
59105
nan
nan
15822
nan
58619
37991
48123
nan
1905
51507
1231
nan
15637
nan
nan
190274
57496
nan
nan
nan
20296
nan
nan
66532
nan
51524
59105
nan
nan
21583
nan
14488
nan
nan
29015
nan
234297
28668
37470
11714
nan
168015
39511
28532
23824
106038
981284
nan
84833
nan
422908
246216
34907
131337
23955
80689
17884
75997
45938
nan
nan
nan
nan
14798
797557
nan
nan
32730
nan
nan
nan
36422
nan
nan
nan
37053
nan
100975
nan
nan
80689
518907
89938
78324
34991
nan
nan
nan
736836
93794
nan
797557
nan
nan
81383
nan
nan
nan
nan
nan
nan
nan
nan
86875
13353
61360
nan
nan
12991
nan
37992
nan
170408
10893
52175
6239
nan
10205
nan
178026
nan
25665
23222
nan
31159
nan
nan
nan
245259
nan
nan
nan
nan
nan
324465
66239
nan
nan
nan
nan
4039751
6148
7172
nan
nan
272079
15207
12092
7224
77868
32975
nan
nan
16379
nan
nan
8018
139368
nan
nan
37427
nan
nan
nan
367535
nan
202142
nan
17952
211354
518907
38602
91070
91070
nan
59492
nan
69039
nan
31967
nan
33916
24080
22476
nan
nan
16154
7849
10891
13259
69638
nan
26934
13297
44725
299310
35315
nan
11423
nan
nan
nan
nan
nan
1428509
12752
nan
nan
nan
nan
nan
nan
36121
nan
37991
nan
9582
nan
231769
131674
131674
nan
28013
nan
nan
nan
nan
641608
540111
nan
41860
nan
33178
nan
5712
5197
9540
21150
117722
nan
nan
nan
nan
211354
nan
nan
105741
105741
24431
2027712
nan
nan
nan
nan
10892
47059
193300
69530
6560
557875
nan
nan
17987
15065
nan
93907
41725
nan
382894
37470
49189
53015
nan
nan
8540
nan
nan
4039751
nan
nan
nan
152765
nan
nan
nan
29753
nan
50955
94273
nan
46140
208414
nan
37394
41643
15912
nan
518907
117691
196980
nan
25491
26934
57566
598351
nan
nan
nan
16583
178026
41059
41059
128489
nan
nan
21209
nan
nan
101742
897460
178026
3730212
168557
nan
555981
555981
nan
nan
225796
nan
nan
26014
449514
129548
18226
25388
96287
347194
nan
179240
21519
nan
382894
39511
nan
nan
nan
35870
nan
nan
55873
36675
nan
nan
19141
8018
nan
nan
24004
37053
8714
63193
nan
29439
37992
nan
nan
19682
487378
9574
nan
110834
190886
nan
nan
32530
nan
nan
nan
nan
124775
37053
51625
249224
nan
37633
nan
nan
45938
nan
nan
nan
nan
nan
85535
165416
42301
nan
nan
1231
nan
15269
15269
nan
49833
nan
154567
156183
nan
nan
11299
nan
105764
6856
11674
nan
190274
183444
nan
nan
797557
1067
83291
nan
239757
23467
152954
67994
13707
14798
23975
178026
nan
nan
18949
9031
nan
nan
55873
nan
12115
32252
nan
nan
25665
nan
nan
nan
10423
83216
297554
54948
nan
7828
nan
79183
3877129
nan
nan
178026
48591
nan
7785
nan
nan
18856
13047
422908
44174
44674
nan
33286
nan
10185
nan
33635
nan
66239
66239
nan
nan
nan
14737
nan
27191
nan
nan
nan
nan
nan
nan
nan
nan
nan
nan
nan
20790
nan
129252
66215
451
36821
641608
8931
242072
15771
26668
13902
nan
nan
nan
nan
nan
nan
nan
nan
73451
nan
nan
nan
55443
nan
nan
nan
nan
nan
nan
34719
nan
nan
nan
nan
9466
nan
nan
nan
nan
59766
12009
90761
797557
nan
nan
nan
nan
37487
nan
nan
183791
nan
91256
nan
nan
11349
nan
nan
157077
nan
18772
nan
nan
19039
nan
25665
121570
nan
nan
nan
nan
37992
18473
nan
nan
4336
7172
nan
2643736
nan
108064
nan
nan
nan
23099
61585
nan
59601
nan
83216
nan
nan
nan
nan
43952
34457
24201
nan
nan
nan
4832
45840
12643
nan
nan
nan
246216
nan
nan
10871
nan
nan
70757
459336
137119
nan
nan
32530
nan
186997
111485
nan
20703
14775
37723
nan
155686
169160
10576
nan
20123
nan
17040
152954
nan
nan
nan
nan
12991
nan
nan
1837970
17946
nan
nan
13750
nan
nan
nan
nan
nan
25612
nan
12236
2027712
nan
131337
172474
35762
18012
nan
27748
14814
nan
37992
nan
nan
9161
11648
14425
nan
168927
40596
nan
144963
144963
nan
nan
nan
nan
nan
nan
nan
nan
nan
nan
nan
26048
26048
nan
111927
198325
nan
183503
nan
17134
23820
nan
nan
nan
133517
797557
197262
nan
nan
14519
10576
18233
41725
nan
1256810
nan
78211
10274
nan
75777
109218
37988
nan
15207
nan
35368
nan
13047
70287
nan
152954
16621
64661
67595
45289
nan
22875
42153
nan
nan
nan
nan
nan
nan
165416
96469
nan
139368
11557
84833
139368
nan
1211704
nan
610271
nan
111485
8285
181766
20353
nan
23005
nan
12009
12009
108064
108064
259126
nan
12297
37723
nan
35817
96749
nan
nan
nan
489506
35379
nan
nan
nan
nan
54104
1204820
nan
4531
18949
nan
25932
34904
62821
nan
nan
52432
165015
367535
nan
nan
nan
nan
nan
24004
nan
nan
nan
nan
1239
28143
77015
nan
96767
8825
3877129
nan
18949
378
16232
nan
nan
nan
44174
7121
nan
nan
135774
135774
8843
nan
nan
1239
4583
15825
nan
46921
6988
nan
21209
19030
nan
nan
nan
41244
nan
324465
394579
nan
nan
nan
nan
170510
nan
103945
nan
nan
nan
nan
24066
202142
nan
12752
nan
18017
nan
nan
nan
nan
21361
nan
22352
nan
nan
nan
nan
nan
nan
nan
259126
nan
3811512
nan
75311
nan
154567
21944
nan
nan
nan
nan
nan
13385
nan
449878
117722
nan
23955
42301
nan
nan
9539
26597
nan
nan
nan
nan
104293
19423
33740
14708
139368
6148
nan
57341
13197
14654
nan
11798
nan
nan
nan
10857
nan
291389
71740
170510
449878
nan
nan
nan
nan
nan
nan
nan
nan
nan
37470
nan
nan
nan
24404
211354
nan
2110694
435794
40554
nan
10526
nan
172808
35321
204734
25665
16232
nan
nan
35815
nan
16232
nan
129252
nan
nan
26938
nan
16776
nan
10486
7610
nan
110800
224625
25491
15895
nan
382894
18636
8235
16993
36957
nan
nan
nan
nan
nan
9536
9536
24547
272079
nan
34880
1402
nan
nan
22875
nan
nan
347194
nan
24646
nan
52432
nan
nan
382005
37427
nan
75997
nan
nan
13197
nan
nan
13769
13769
nan
nan
nan
nan
40136
40136
17724
nan
nan
20887
18018
nan
nan
55233
nan
11714
26037
nan
nan
nan
nan
nan
nan
nan
449514
133874
nan
12407
nan
44712
13757
70680
2663
nan
111485
449878
11798
nan
nan
nan
38851
8931
nan
nan
nan
31967
nan
nan
nan
10693
25204
29326
36821
69679
46921
456044
nan
35433
nan
64720
224625
nan
35883
nan
nan
134957
14951
nan
276263
30739
1287050
nan
63765
422908
nan
16973
nan
nan
81313
nan
83402
nan
nan
20182
15112
11197
1287050
27237
42301
nan
152227
68795
nan
nan
44916
nan
74965
34958
797557
nan
155862
nan
24646
20751
nan
13515
37453
449878
86681
nan
nan
nan
54752
413487
nan
1256810
7421228
nan
nan
6239
nan
2027712
nan
nan
152954
nan
367535
15138
70680
nan
nan
nan
nan
1115200
56141
78883
111927
198325
57566
nan
14478
nan
nan
8540
32860
nan
25204
nan
nan
34904
nan
nan
32860
49963
nan
nan
104666
77218
nan
nan
19454
nan
nan
nan
156831
nan
nan
nan
13748
nan
25553
172474
nan
184217
104782
nan
37053
51625
207970
167528
8533
nan
94807
7224
90761
nan
15957
62500
50326
nan
51358
37485
37485
nan
nan
nan
nan
166010
19534
nan
21955
nan
nan
nan
3811512
29765
177636
211354
nan
27783
nan
nan
55352
nan
nan
nan
nan
nan
nan
37482
37053
nan
108064
104293
nan
nan
nan
nan
18216
nan
nan
26968
50392
18403
nan
nan
11430
nan
nan
37470
18317
219124
nan
nan
nan
30950
62075
nan
64170
nan
49120
nan
nan
259126
129252
nan
nan
nan
nan
44692
22031
35883
11400
133517
12695
nan
25553
nan
10205
84444
nan
nan
nan
nan
nan
97782
nan
540513
31351
nan
18018
165416
641608
nan
nan
63685
nan
15822
41725
20377
nan
46680
nan
530852
nan
nan
nan
196980
nan
18284
nan
67595
435794
51524
82320
nan
nan
nan
65088
53117
nan
23351
35007
nan
nan
nan
nan
552433
nan
41643
29159
23235
128722
nan
5122
nan
nan
nan
nan
nan
53327
13261
1253309
nan
nan
981284
nan
nan
93238
32530
nan
nan
89203
16709
4328416
nan
18772
797557
nan
20424
nan
27938
521056
135294
nan
26294
nan
42153
nan
193852
nan
430714
101742
nan
nan
nan
nan
nan
nan
16479
nan
16479
nan
28989
nan
nan
nan
299780
23997
nan
84662
797557
57536
17258
1249680
59766
101031
nan
nan
nan
235017
45938
nan
12314
31351
24646
45938
nan
17118
23680
44132
nan
56141
56141
nan
41059
nan
nan
nan
nan
47371
nan
31967
77868
nan
nan
129252
nan
nan
96930
nan
nan
nan
129548
nan
40129
nan
nan
99801
nan
nan
nan
4328416
33216
nan
30077
156183
nan
1287050
nan
46535
15361
nan
17545
nan
nan
14143
71740
nan
17618
nan
nan
nan
nan
nan
nan
19772
nan
84316
nan
nan
nan
16315
nan
49120
nan
nan
nan
nan
nan
11124
nan
140772
nan
449514
nan
nan
24474
59154
10969
2027712
21196
17013
291389
nan
66532
4379
nan
28065
nan
59489
nan
nan
nan
nan
nan
19394
19192
39917
nan
nan
nan
nan
nan
nan
nan
nan
nan
nan
7121
nan
63193
69530
13197
13846
nan
nan
nan
nan
96993
259126
nan
nan
1649
nan
nan
nan
nan
nan
nan
nan
51358
nan
9540
nan
nan
nan
nan
nan
28065
2027712
nan
10080
nan
33916
nan
37053
81383
34958
45840
nan
nan
nan
15391
35870
518907
nan
35379
35379
nan
nan
46921
9095
nan
422908
nan
35689
1115200
13606
14775
nan
nan
nan
2841952
nan
11413
nan
57164
nan
7481
16244
89938
107597
nan
382894
nan
45309
nan
80347
nan
nan
nan
nan
nan
618119
15771
15695
19141
1691
nan
34215
10802
nan
nan
nan
nan
nan
nan
nan
nan
46921
nan
129548
107431
76657
nan
nan
nan
597181
nan
nan
nan
nan
nan
41725
77868
91070
95767
7172
nan
67994
80412
nan
35815
239757
9039
nan
nan
15112
32918
32918
34254
83402
94807
94807
28143
2110694
nan
112647
nan
355244
nan
56050
nan
9135
225796
65290
nan
678368
nan
14084
1385202
14780
235017
34544
nan
nan
nan
nan
22315
23233
88338
15957
nan
11754
107597
nan
24431
nan
nan
36493
16621
40787
nan
3730212
nan
nan
173565
nan
nan
nan
nan
nan
21293
15924
nan
nan
106154
nan
nan
33062
101012
20562
45803
125684
69679
nan
nan
nan
nan
nan
81383
736836
nan
nan
nan
125684
104782
195968
nan
nan
nan
nan
nan
nan
nan
nan
30739
nan
183503
nan
nan
nan
19461
nan
nan
12865
nan
nan
nan
nan
nan
nan
nan
552433
nan
nan
nan
nan
198325
18772
202142
105764
nan
nan
139368
324465
31362
nan
10056
nan
157077
15912
157077
52335
nan
nan
26271
nan
nan
74230
736836
nan
140494
37723
nan
nan
nan
15637
nan
107030
nan
nan
nan
nan
96930
nan
11081
23923
10871
15138
nan
nan
3398362
nan
nan
nan
nan
26192
21209
19312
449386
nan
nan
11405
nan
nan
nan
82320
17199
nan
nan
nan
181766
nan
520712
nan
37989
63017
40334
13089
nan
24613
nan
nan
nan
276263
nan
63017
28530
63017
2841952
nan
11488
nan
34215
nan
nan
nan
nan
nan
14898
nan
518907
nan
10864
nan
17946
nan
nan
nan
11655
17373
nan
29377
nan
59618
nan
10731
26934
27346
nan
355244
272079
48817
30026
nan
773283
nan
nan
nan
40136
nan
49558
nan
3504
44674
nan
249224
nan
84851
nan
nan
83402
nan
nan
nan
nan
nan
nan
nan
8862
12407
6148
nan
nan
nan
nan
nan
26738
nan
11299
34843
178026
597181
nan
nan
5313
12379
nan
9343
nan
168015
nan
nan
45629
nan
nan
11009
nan
nan
nan
nan
40136
nan
26005
235017
nan
nan
nan
55997
9039
nan
nan
nan
29368
nan
24709
58107
nan
nan
54209
nan
16613
54088
nan
52432
45894
nan
59185
nan
31598
14748
36058
39695
nan
16993
nan
11400
nan
13466
nan
nan
nan
57566
179240
11812
21519
nan
489506
nan
nan
nan
nan
40342
nan
nan
nan
9620
101742
nan
nan
291389
21209
73640
58284
34703
118967
5493
nan
nan
198325
nan
520712
nan
12768
45309
77540
124775
678368
nan
155686
139090
154024
104782
nan
29368
13850
22357
nan
nan
82320
nan
598351
1287050
41420
nan
552433
4275
9438
117722
nan
nan
nan
30077
7610
nan
797557
nan
229715
5080
96930
nan
nan
nan
nan
nan
28628
9312
nan
nan
1115200
nan
29439
14654
28066
nan
nan
21955
nan
nan
nan
58764
532950
nan
nan
83658
37633
91070
14744
54209
94083
24551
29851
nan
nan
4041
272452
nan
nan
nan
42700
61360
nan
nan
nan
797557
nan
9860
95752
12543
nan
nan
nan
367535
28013
nan
14869
2363
15435
nan
nan
nan
1199659
nan
11936
11299
90761
250066
12009
nan
nan
45894
nan
nan
nan
23072
nan
nan
653637
nan
nan
nan
nan
nan
38814
29824
91070
nan
nan
nan
3964
68795
8521
nan
nan
24613
nan
13250
13250
nan
nan
17952
nan
37482
nan
nan
5034
71740
40349
nan
83402
29824
nan
nan
nan
104782
nan
78211
59492
280123
11481
736836
nan
nan
212820
nan
nan
nan
nan
579180
86825
nan
nan
nan
nan
nan
nan
nan
540513
nan
nan
80347
nan
nan
8069
45289
nan
nan
8521
nan
86875
nan
nan
nan
nan
51524
nan
nan
91070
58603
nan
nan
120792
nan
299780
14519
nan
nan
nan
45289
70308
nan
94807
nan
96993
nan
62500
nan
24046
nan
2363
nan
32975
nan
nan
nan
nan
nan
7172
nan
12064
nan
1428509
1428509
63017
63017
nan
nan
140772
26067
159134
nan
nan
26192
nan
nan
nan
nan
8757
nan
nan
8931
nan
nan
49218
29431
20751
nan
nan
nan
nan
10782
nan
211354
407
7172
nan
179240
159134
nan
nan
nan
nan
nan
5197
nan
1689
12092
16232
nan
14958
26271
nan
21961
247082
nan
nan
nan
69448
449386
70447
nan
17049
nan
nan
nan
202142
nan
nan
nan
202142
46921
202142
202142
1211704
nan
99801
nan
nan
nan
nan
15915
13199
85778
13937
nan
15926
nan
nan
nan
nan
219124
nan
84851
nan
40183
nan
nan
nan
nan
nan
nan
10205
487378
nan
nan
nan
nan
nan
nan
nan
nan
nan
nan
83216
23005
nan
nan
nan
66442
nan
nan
nan
46680
37633
1649
nan
202142
70757
nan
79955
nan
30077
nan
78211
nan
540111
9539
25204
nan
nan
nan
147993
nan
10700
nan
49833
131337
22633
54478
382005
nan
nan
nan
nan
53015
49218
nan
85778
24652
736836
33635
nan
nan
75527
25133
49120
25133
nan
nan
17946
19192
nan
24709
nan
nan
nan
17431
152227
8540
nan
14425
13797
259126
nan
nan
nan
532950
6148
nan
46318
nan
nan
nan
108064
nan
nan
nan
382005
449514
1256810
22426
19310
nan
nan
152954
152954
nan
nan
3877129
nan
nan
8714
17987
nan
nan
nan
67341
nan
nan
93794
nan
nan
nan
126657
nan
nan
nan
49218
nan
540513
nan
nan
nan
34843
nan
nan
297554
nan
42700
42700
nan
nan
532950
nan
nan
25274
nan
92424
nan
14616
11791
35007
10003
nan
2643736
259126
nan
nan
nan
nan
32970
585994
nan
nan
55443
nan
nan
65088
nan
90761
nan
10645
nan
17946
nan
nan
nan
68137
2110694
nan
449878
nan
nan
nan
14125
382894
43264
nan
nan
nan
nan
1837970
nan
nan
16817
nan
nan
nan
nan
nan
82276
nan
nan
50470
nan
430714
24408
nan
2028
nan
nan
nan
nan
nan
1453268
91521
99751
nan
nan
nan
nan
nan
nan
9349
nan
nan
10871
nan
88714
82320
nan
16626
nan
25553
33740
64170
nan
88386
nan
nan
14084
nan
202615
167528
nan
nan
10015
nan
8999
37633
nan
13297
nan
152227
nan
nan
nan
17982
51558
27390
170340
54850
nan
nan
nan
nan
180641
57566
13850
216650
8521
57566
nan
449514
nan
52834
nan
12804
nan
93764
nan
nan
144821
nan
nan
nan
19438
7610
nan
28439
nan
nan
324465
32970
449514
61800
8069
280123
14125
39695
nan
14125
nan
101565
63017
nan
23955
nan
nan
nan
nan
nan
nan
49706
nan
nan
nan
nan
10871
44725
31796
18226
18226
8931
nan
38696
nan
nan
nan
62821
29824
nan
nan
nan
nan
nan
nan
nan
22968
nan
107554
nan
nan
165416
nan
84316
nan
nan
nan
540111
nan
nan
nan
10943
15309
28981
nan
62500
202142
736836
nan
nan
nan
202142
nan
nan
nan
14660
nan
nan
nan
nan
101212
nan
nan
nan
117722
8107916
93982
60280
422908
nan
nan
nan
91070
25491
456044
276263
nan
nan
nan
13769
64090
9672
279424
nan
41643
11299
299780
59766
nan
6924
nan
nan
nan
nan
nan
nan
nan
nan
nan
nan
nan
nan
nan
nan
nan
nan
nan
26200
nan
nan
10693
125684
nan
14874
nan
16621
nan
153583
11299
29686
nan
nan
nan
nan
21872
nan
nan
60796
40849
nan
nan
nan
nan
nan
16331
nan
187842
nan
nan
nan
nan
nan
40957
nan
10030
nan
nan
nan
20910
168927
243639
nan
nan
16886
4177
nan
nan
11481
nan
nan
nan
nan
134957
1453268
nan
14616
5712
773283
12162
54104
nan
11481
11509
nan
nan
nan
51625
57566
10030
88338
nan
17181
195968
15361
nan
15386
10381288
153583
nan
nan
nan
nan
nan
5620
nan
nan
nan
44674
nan
nan
nan
82008
nan
nan
nan
nan
22714
144963
93794
11128
nan
17199
nan
nan
nan
170340
49558
10092
120792
nan
nan
36924
nan
10193
nan
156183
nan
16933
nan
nan
152954
107597
nan
272079
nan
42757
nan
22495
nan
32860
65225
45661
12086
nan
nan
nan
nan
435794
nan
nan
34886
1287050
53015
nan
nan
nan
31605
897460
10363
86681
nan
nan
nan
11523
nan
nan
243639
289580
32730
nan
nan
nan
nan
9816
nan
83402
13371
17373
nan
nan
nan
nan
nan
482618
482618
nan
nan
8126
18226
nan
nan
64271
77868
77868
20562
64661
nan
139090
nan
91521
nan
nan
nan
nan
422908
3398362
172474
nan
nan
456044
nan
nan
56945
25204
59185
7849
nan
nan
nan
29930
41188
40630
nan
nan
nan
nan
nan
28021
28407
nan
nan
nan
nan
94281
nan
13182
nan
nan
nan
32732
nan
12009
23925
nan
195968
nan
nan
nan
nan
nan
nan
nan
25848
nan
nan
nan
nan
8521
87083
nan
20021
152639
168927
nan
nan
nan
736836
nan
nan
25407
49706
nan
532950
nan
nan
11674
34330
nan
nan
nan
nan
77015
nan
nan
62011
22704
13707
nan
39738
39738
nan
nan
63319
nan
10451
73640
40078
40136
75924
678368
nan
41725
nan
442176
nan
nan
nan
49120
19141
nan
nan
207970
nan
nan
nan
797557
nan
nan
382005
80689
nan
89168
nan
nan
8487
8487
nan
59766
40630
nan
nan
70287
nan
170510
19427
nan
117722
nan
73064
100630
nan
21314
nan
235017
nan
93794
nan
nan
nan
nan
nan
10300
46921
1428509
nan
3811512
3811512
nan
nan
16146
nan
nan
nan
nan
34958
nan
105764
nan
14958
729139
12092
22704
18272
nan
nan
nan
74138
nan
nan
nan
29368
17026
153583
nan
21955
10782
nan
20278
156831
nan
nan
nan
nan
nan
41535
nan
nan
nan
nan
17641
45724
nan
nan
12574
nan
52834
nan
52834
641608
31675
41725
nan
973047
63685
26090
nan
nan
nan
nan
nan
95066
nan
nan
nan
nan
nan
nan
nan
nan
16562
nan
nan
nan
384241
154567
14488
nan
10650
nan
34544
nan
nan
50701
55873
nan
224625
780
nan
25612
nan
nan
nan
1428509
nan
597181
91521
10003
91521
91521
70287
29368
13767
nan
nan
14798
56508
181766
678368
nan
nan
65368
152227
27938
nan
nan
nan
21209
15489
nan
nan
76503
nan
126119
29824
nan
nan
nan
nan
nan
nan
234297
15479
nan
34457
291389
93907
167528
nan
22968
11971
11971
nan
168015
nan
91168
104782
nan
159134
82320
nan
52834
93620
20388
26968
nan
nan
nan
nan
nan
nan
nan
nan
224625
nan
nan
126559
nan
nan
34622
36138
10012
nan
nan
84316
nan
80347
nan
79816
nan
nan
47264
35321
11812
nan
nan
nan
nan
78978
nan
nan
10030
nan
nan
nan
nan
190886
32918
nan
25491
242072
nan
276263
14125
197262
20424
nan
nan
nan
nan
nan
nan
22867
242072
211354
nan
8757
15771
nan
nan
nan
83631
nan
50992
8777
nan
nan
nan
nan
nan
178026
16244
259126
nan
32530
12115
15391
nan
105741
219124
37482
37487
nan
382005
23923
47529
nan
nan
13385
nan
nan
178026
23893
nan
100975
nan
59105
nan
29984
nan
7172
40078
nan
nan
nan
9173
211354
49706
nan
nan
170340
31457
518907
nan
nan
nan
86825
14125
34719
nan
nan
nan
27938
1287050
nan
9438
9438
nan
1428509
nan
nan
17987
103760
nan
nan
552433
133874
59492
nan
nan
nan
41725
73064
nan
nan
nan
20353
34618
nan
108064
nan
35321
nan
nan
nan
15435
nan
nan
nan
40365
518907
nan
1115200
nan
nan
nan
71969
12921
nan
nan
nan
nan
nan
540111
11798
34254
51400
nan
nan
nan
nan
nan
nan
266012
32308
nan
nan
nan
nan
nan
13937
1428509
nan
nan
nan
nan
nan
152227
nan
nan
26192
29368
nan
nan
nan
nan
10871
14798
nan
nan
nan
36121
nan
nan
nan
nan
14419
22968
nan
24000
27237
43227
nan
73451
nan
nan
nan
44094
nan
40363
nan
nan
51195
nan
93620
54850
nan
22287
22572
518907
15912
44053
8777
532950
nan
nan
246216
78702
12115
nan
37485
nan
nan
nan
nan
139368
77868
25273
nan
nan
nan
nan
nan
nan
24551
13797
nan
46318
nan
14814
151593
35815
14419
373072
59618
nan
nan
nan
133874
nan
nan
984336
14125
81313
nan
nan
nan
nan
nan
26774
nan
nan
13385
nan
nan
nan
nan
nan
nan
22704
25553
nan
63685
44132
nan
nan
nan
nan
nan
nan
nan
nan
nan
nan
nan
16817
21234
12865
nan
nan
nan
nan
nan
14436
1428509
51195
583999
nan
nan
nan
nan
147993
38602
nan
46561
nan
482618
107597
29982
10907
179240
nan
37470
23467
nan
98586
41483
nan
nan
51625
231769
nan
nan
nan
91521
nan
77218
219124
24449
70443
nan
103760
26934
nan
nan
21885
24652
nan
nan
nan
88256
nan
nan
10522
nan
121570
41059
nan
nan
nan
nan
9016
773283
nan
nan
49767
196980
nan
96767
41643
nan
nan
8184
nan
nan
nan
367535
nan
nan
nan
18226
nan
nan
5197
99801
nan
nan
nan
8834
nan
nan
nan
427241
nan
4953
9535
24972
nan
nan
17262
15956
nan
15825
nan
nan
nan
nan
nan
29851
nan
12009
736836
nan
nan
nan
nan
282450
nan
nan
nan
nan
nan
41420
65118
30345
nan
104658
9860
24593
21196
6952
nan
nan
13707
nan
nan
29015
nan
nan
45724
457154
nan
nan
nan
nan
nan
nan
nan
199060
225796
nan
5128
nan
nan
144821
nan
17952
240112
10003
11505
nan
33635
nan
nan
nan
89093
152954
nan
31796
12991
11971
nan
nan
12888
9266
nan
nan
nan
nan
53327
10440
nan
nan
nan
nan
152227
6764
nan
nan
nan
124775
nan
25622
nan
17946
nan
nan
3102644
41643
41643
9247
14419
nan
nan
nan
nan
35956
nan
242072
nan
nan
47475
nan
13261
13261
442028
42700
nan
nan
nan
25554
nan
nan
18216
29660
nan
nan
nan
nan
nan
nan
nan
nan
nan
nan
nan
nan
12009
nan
nan
34330
nan
nan
nan
11754
nan
nan
nan
nan
2663
nan
101031
35840
202142
70757
15616
nan
12543
163996
nan
6148
nan
14702
11411
nan
45289
nan
nan
nan
nan
nan
nan
nan
12403
nan
157077
nan
nan
8107916
101031
nan
nan
nan
nan
34544
nan
nan
nan
nan
nan
nan
nan
78565
nan
10277
552433
272079
nan
120792
nan
nan
272079
nan
nan
382894
58284
nan
11971
54752
nan
8771
nan
nan
11081
nan
nan
nan
nan
nan
66442
nan
nan
nan
nan
156183
51507
nan
nan
nan
nan
nan
34904
743386
43716
nan
nan
41188
nan
nan
459336
nan
11936
nan
nan
nan
nan
540111
nan
140336
16772
nan
65450
nan
75261
nan
1428509
427241
25204
100975
530852
29824
nan
259126
nan
nan
797557
35883
nan
nan
37107
1453268
nan
nan
23222
nan
6324
89168
49558
nan
30857
1287050
nan
9564
nan
119080
465183
nan
32730
34719
nan
nan
nan
nan
9620
nan
nan
nan
nan
11481
nan
93794
nan
24646
nan
nan
nan
1256810
nan
nan
3730212
nan
nan
20123
nan
nan
532950
nan
94881
nan
8126
nan
nan
nan
469958
12573
49706
nan
nan
8720916
13547
nan
nan
83291
83291
nan
nan
nan
nan
nan
nan
23998
13707
449878
nan
22201
nan
nan
nan
173565
nan
11358
24474
nan
nan
nan
nan
nan
nan
nan
nan
nan
nan
57496
nan
nan
nan
28541
nan
nan
nan
nan
nan
126657
nan
8864
540111
14536
nan
15479
nan
nan
583999
nan
nan
nan
nan
17154
nan
nan
nan
nan
nan
84833
nan
32530
nan
10969
nan
nan
nan
nan
nan
67835
94273
173565
nan
nan
nan
180641
395516
nan
nan
nan
nan
12407
nan
nan
nan
11798
nan
31675
165015
13902
104037
12820
nan
28957
nan
540513
nan
nan
nan
1837970
nan
nan
22842
31598
nan
nan
nan
nan
nan
nan
nan
nan
88714
6560
nan
10003
nan
nan
nan
10381288
nan
nan
173565
nan
nan
nan
31351
3398362
nan
17043
9726
nan
nan
nan
nan
469958
nan
11299
nan
nan
nan
nan
nan
nan
nan
nan
15771
35689
nan
88338
11197
nan
nan
nan
nan
nan
nan
nan
736836
26431
nan
124019
nan
nan
nan
37192
nan
19461
nan
23925
nan
159134
13331
76657
27390
86825
49558
nan
nan
15056
6560
96930
59431
139001
597181
nan
nan
nan
nan
nan
113112
11410
nan
nan
nan
nan
nan
117691
2027712
nan
nan
nan
nan
10009
nan
nan
nan
nan
16232
104293
nan
26934
nan
91168
nan
nan
nan
nan
20562
nan
nan
8825
97966
nan
nan
9865
nan
nan
nan
nan
nan
nan
13797
39545
7610
nan
25553
14988
27938
35321
12423
nan
nan
nan
19344
nan
nan
nan
6764
25311
13575
nan
nan
nan
nan
69697
422908
nan
nan
nan
355244
nan
nan
51524
15906
nan
nan
797557
10451
34719
nan
nan
nan
nan
nan
126119
46921
nan
nan
797557
12674
86825
nan
nan
nan
10075
nan
nan
280996
nan
152954
299780
61075
nan
nan
nan
112062
nan
nan
nan
nan
22315
15309
nan
45629
nan
35817
nan
nan
nan
12368
96749
nan
nan
181766
55873
nan
nan
15912
13707
nan
nan
37053
nan
nan
32051
13850
nan
nan
44757
nan
41483
nan
nan
nan
nan
53327
2110694
nan
33286
nan
46921
nan
nan
91521
nan
nan
nan
nan
nan
nan
nan
51358
83402
nan
518907
nan
nan
20897
nan
nan
21234
29098
24080
nan
14895
nan
25626
nan
nan
532950
21583
14748
nan
nan
28956
nan
17150
nan
nan
nan
nan
nan
10126
nan
nan
nan
170510
nan
103760
nan
nan
nan
nan
nan
nan
nan
nan
38814
nan
193300
nan
10509
382894
13259
25491
nan
179240
nan
11400
37989
nan
nan
26431
427241
nan
246216
nan
21368
21368
nan
nan
nan
80690
nan
26192
8514
nan
nan
20562
nan
nan
nan
7001
49833
nan
nan
nan
22357
nan
94273
nan
nan
nan
nan
nan
nan
44690
nan
nan
nan
nan
nan
nan
nan
4039751
nan
22201
395516
291389
nan
nan
nan
11488
66442
16257
nan
2005
84851
nan
nan
nan
nan
nan
36400
nan
75737
159134
52175
16639
22704
15479
44132
34254
nan
nan
37482
nan
nan
nan
nan
187235
nan
nan
15637
732072
nan
4136
nan
5197
nan
nan
nan
nan
9016
nan
nan
27414
nan
nan
13466
20562
nan
23925
nan
nan
181766
736836
nan
nan
nan
42601
172474
235017
14036
nan
nan
nan
70680
51524
nan
1204820
nan
nan
nan
nan
nan
29006
nan
24427
nan
215120
984336
57341
67595
nan
24487
442028
nan
276263
nan
60433
nan
2110694
nan
nan
nan
45894
107030
nan
nan
nan
nan
nan
nan
nan
24613
nan
nan
nan
nan
nan
nan
nan
nan
884941
nan
nan
nan
nan
nan
29377
nan
73220
12943
nan
88338
435794
nan
nan
nan
25306
nan
1486
259126
12752
nan
nan
nan
nan
nan
nan
31351
nan
15902
235029
15915
324465
nan
nan
nan
nan
167528
75261
56420
nan
nan
nan
nan
12945
nan
530852
24282
56402
nan
16973
nan
nan
nan
nan
23923
181766
45938
17181
nan
373072
nan
nan
nan
nan
nan
nan
170510
nan
nan
91521
17952
nan
17040
nan
nan
nan
nan
nan
nan
10030
11761
797557
nan
nan
nan
nan
422908
37633
nan
nan
465183
nan
nan
nan
53430
nan
nan
75737
nan
8477
34544
nan
nan
nan
nan
nan
nan
145931
111927
15112
nan
nan
17491
nan
nan
nan
179240
nan
nan
55233
nan
nan
nan
nan
nan
nan
nan
15771
nan
nan
nan
nan
57341
nan
552433
nan
nan
569369
nan
299780
10737
17528
nan
nan
nan
nan
nan
245259
4247
101565
nan
nan
nan
nan
93794
nan
11358
nan
nan
17261
nan
nan
nan
nan
12457
nan
100975
nan
202142
82320
nan
nan
nan
29614
nan
77540
nan
nan
13937
nan
nan
nan
nan
nan
30739
105741
9161
250518
nan
nan
nan
2363
nan
nan
nan
9745
81313
29015
nan
56133
84851
nan
nan
nan
10688
nan
nan
306974
94083
24408
52834
nan
159134
nan
nan
4832
84800
nan
14654
64661
nan
32308
37991
nan
nan
57260
37482
nan
nan
347194
20961
489506
nan
nan
167528
nan
2363
12321
80347
324465
48534
105741
874433
nan
40947
14125
36199
nan
235017
nan
19143
nan
276263
